100
572251904202497617
321366105490991535
59090838955279000
43557319623297943
19140846668400481
370145200953436000
542148163741349867
26695098146954635
93054242152309543
320301165932258077
134610014848362495
4775439712715595
702510550350791601
606154022698720055
667442783069703040
14416920528990960
184415629845975204
388859773298038828
106535072946776500
21632547623853211
3479354948069431
681836549680429543
985470051516082364
198992574361046067
38141368760509563
252170452022874883
59585844093001000
47881678372712042
65513131707653165
969178143079392192
1000000000000000000
493331760827410909
14539707142446505
54725516530288297
249621506221218318
138756376609247800
106033704771920731
828688061165126191
40149321972251311
478367608767942779
55395091373769447
26341054493555880
51820996559372755
666756121980968209
98709357181908427
14916617461331881
283460211640744041
50518699485140757
265024141597839936
284981677169725971
697324518594185224
4399684170719461
25118117976017347
445940252947021725
31228563100907767
6514918055611057
82822952961472888
742413948690932833
574625196716210528
494790422075883795
14040234609638797
20038292856514927
43318747177521
219534690737475121
66324592220821383
740056854013409440
367058962155973627
162092874477026841
8344900976819085
321832144092627741
540630932838779621
458629533754114843
391626027536047165
65663922043264861
15885972449706304
557829138235584984
380831701943037828
719258849390049817
500219828743248643
140166070166721243
828232348627656711
435086338217508757
247709788614499560
9129532895836207
167033198567378325
902908557344571265
807687510756067591
53427920423041
664578810180485971
69811027138453900
529491985516338001
674444521617649627
518003903341282177
875317689817237084
371887600992206788
652459804536701591
158231861168729629
62029013516169211
349212440790155881
11774909172617515
