100
99912 81
26392 5
99826 38
99946 1
99875 5
99856 5
99830 83
99950 1
99876 1
46581 5
99868 3
99820 1
37985 1
99940 2
99819 73
99869 1
99890 1
99951 68
99873 1
99998 2
99843 1
99885 1
99811 1
3375 3
85885 1
99867 1
99966 1
99886 1
99836 69
99919 1
57128 1
100000 1
99825 1
71146 2
98499 5
99891 1
99848 1
99812 5
99821 1
99833 1
67746 1
99982 3
99840 1
99934 3
99921 1
99906 74
99976 3
15128 3
99948 5
99931 2
38033 14
62014 1
22517 3
65914 1
99925 3
99938 1
99814 3
89918 2
99802 1
99949 1
99824 72
99889 2
99963 87
99910 1
1 1
4214 35
99942 21
99855 1
99893 1
99920 2
7 1
99944 1
99887 1
99827 2
99837 1
99822 84
99857 5
99968 2
99932 1
100000 100
99851 2
99874 1
65819 1
80199 1
99987 1
99866 5
10 2
99815 1
70309 3
99936 89
99984 30
99861 1
99929 1
99800 5
99810 1
99990 1
99913 1
99991 1
79837 1
99880 1
