100
86 4
5 2
90 53
100 89
3 5
54 49
15 61
5 4
58 82
21 92
12 16
39 37
93 2
59 58
30 100
4 4
4 2
80 54
2 15
7 79
2 96
2 1
79 68
3 4
3 1
14 34
35 85
2 79
71 24
27 36
5 3
44 48
62 70
22 55
91 11
60 28
47 3
100 32
98 22
79 65
59 25
11 21
85 10
100 43
2 2
94 11
53 59
1 5
56 2
4 1
94 25
52 12
16 2
64 76
60 59
3 2
4 3
39 2
53 61
26 63
2 4
58 21
81 92
16 55
48 6
3 3
46 35
69 47
1 2
2 69
72 2
15 66
1 3
2 3
56 100
46 17
42 100
4 5
8 100
1 4
94 60
2 18
18 49
88 41
84 2
5 5
55 48
22 38
23 35
15 2
28 37
2 5
100 81
5 1
1 1
100 40
3 27
39 39
36 100
100 100
