100
8 87 8262
338 1246 4
704 1582 7
228 746 7
613 954 2
543 625 5
38 661 5
708 1663 6
912 1442 2
10 90 8237
27 182 9
412 1352 3
141 995 1
110 928 6
345 1109 5
216 1016 4
375 515 8
902 1855 8
876 1029 9
87 962 5
5 100 9238
1443 4869 5
480 5142 25
1581 5718 13
3776 5276 6
2622 3891 16
7 97 6825
589 836 2
769 1350 6
955 1898 2
80 255 8
270 1046 9
148 811 5
589 1050 4
7 84 6906
564 744 4
571 1345 3
542 1528 2
352 1214 2
189 1159 7
151 684 5
828 1601 8
9 94 7583
87 1034 9
18 100 6
952 1716 5
944 1491 8
29 173 1
903 1550 6
35 835 5
135 1036 6
325 970 4
10 81 7524
720 1433 5
251 344 1
268 566 8
56 114 7
840 901 2
192 684 2
897 1527 2
195 991 5
984 1052 5
56 623 7
10 92 7862
422 972 9
213 327 5
635 1349 7
765 1302 4
992 1344 2
263 786 5
122 320 9
739 1262 3
98 991 2
149 802 9
7 82 7397
440 1311 6
98 638 7
839 1100 2
843 1414 8
734 1397 2
688 1367 1
819 1211 5
5 100 7687
843 1623 17
974 1789 19
408 3676 9
1365 4202 33
3079 3569 5
8 88 6952
602 1379 5
543 1180 1
621 907 7
970 1671 6
616 1067 4
342 860 3
580 657 1
532 1431 6
3 11 14
1 3 4
5 5 3
2 6 5
9 87 8229
987 1382 3
114 875 2
615 1064 3
639 695 4
764 1122 3
505 1329 5
832 1119 2
474 1308 4
35 677 2
7 87 7807
1061 1757 2
205 590 10
279 809 7
1320 1607 9
687 898 2
1043 1371 3
595 1452 11
8 81 7271
199 619 6
970 1085 7
773 1740 7
319 542 2
638 1333 8
645 1486 5
439 882 5
459 887 5
8 83 6879
190 836 8
896 1276 6
333 1033 5
321 1266 2
566 613 5
575 1237 4
573 1084 2
431 1409 8
10 86 7241
151 1111 6
338 373 2
395 1354 8
793 1616 3
626 909 4
81 102 2
844 1460 4
136 830 5
455 647 5
544 930 1
5 96 7061
392 645 5
247 1657 15
890 1794 6
370 1553 13
1535 2793 2
7 95 9357
653 1490 3
75 452 5
387 1036 3
402 854 7
941 1109 7
29 34 7
641 1000 9
8 98 8233
890 1639 5
781 898 7
558 997 6
957 1056 4
63 370 8
951 1917 9
476 1342 1
90 470 6
9 100 9131
416 975 3
634 1597 1
369 1223 7
760 1320 9
390 955 4
87 725 8
286 951 6
893 1031 2
135 910 5
10 99 9212
634 1005 5
426 1185 8
496 831 2
821 1818 5
475 995 7
271 1055 4
152 609 2
293 407 9
158 275 8
797 1696 5
10 94 9132
173 808 8
971 1908 1
958 973 1
194 641 4
540 1425 3
626 1456 7
943 1073 9
786 1434 7
563 1283 2
965 1663 6
8 81 7153
860 1286 1
954 1606 1
224 1170 4
969 1159 4
214 613 3
957 1332 4
765 861 8
708 1425 7
10 99 9510
551 649 4
811 1455 5
490 849 7
813 1301 2
427 736 6
256 1007 6
830 938 8
890 1517 2
602 604 3
752 1447 1
10 95 7107
446 1259 3
93 860 3
693 1563 2
337 852 6
432 848 9
171 1030 1
621 1468 9
560 1102 2
161 311 3
512 799 5
10 96 8471
352 443 6
990 1032 6
270 825 4
19 428 9
267 873 3
138 1055 4
651 1509 1
494 882 8
545 632 1
546 1389 9
10 99 7226
813 1430 2
207 394 7
520 600 1
241 672 4
223 1195 4
635 1109 7
930 1231 1
510 1057 1
174 915 3
403 825 9
1 10 10
14 54 8
9 81 7058
583 1323 1
861 923 6
297 824 7
416 750 6
750 780 7
716 930 7
559 1091 6
471 540 1
135 659 5
7 98 6755
717 1303 2
173 887 9
840 1527 5
71 282 3
55 755 2
689 1687 3
165 901 2
5 84 7059
2738 5870 9
1241 2049 21
2060 2788 23
1675 2868 19
59 258 8
8 85 7683
820 1487 4
591 1959 8
284 1157 9
1162 2239 9
208 1435 11
988 1978 5
1173 1422 9
707 1870 4
9 96 6743
927 1771 2
199 893 9
547 758 9
777 1192 5
810 1323 8
158 786 5
768 833 2
476 716 1
625 762 5
10 96 7799
194 1044 7
123 929 4
369 1030 8
565 1127 1
651 846 9
893 1191 5
772 1478 1
133 756 5
241 366 1
120 269 8
9 87 8431
921 1494 6
942 1833 5
868 1698 5
925 1221 4
715 1303 5
893 1194 2
255 1085 2
532 1354 1
813 1740 7
10 99 6726
695 797 8
907 1527 2
370 735 6
817 865 3
511 519 8
138 225 2
61 903 7
159 866 9
385 1342 3
275 1153 4
10 98 7968
131 578 3
620 1547 4
458 1291 4
272 472 4
268 468 2
629 758 7
940 1737 9
561 976 5
774 921 1
505 1395 6
10 100 7336
762 926 7
646 1629 6
988 1304 5
932 1178 7
203 820 7
872 928 1
356 769 4
476 1204 9
101 140 4
522 733 4
3 8 6
3 5 2
4 4 3
1 2 5
9 94 7140
961 1428 2
876 1627 6
256 435 8
435 697 3
397 611 6
809 1075 1
362 1029 1
829 994 6
858 1534 5
10 91 7650
788 838 7
869 1666 8
159 922 2
189 513 7
670 1615 5
499 670 7
919 1846 3
348 1191 3
989 1607 9
838 1666 8
9 88 8318
332 924 3
38 530 5
643 1573 3
549 1306 4
507 566 5
381 676 4
854 1373 1
760 883 5
4 763 1
10 97 8083
808 1011 2
673 1624 1
802 1461 6
638 1501 2
316 674 2
68 525 3
365 602 7
342 1182 3
22 589 8
171 1113 1
10 100 10000
288 419 12
268 417 16
548 759 11
71 348 10
530 1055 5
151 388 18
198 553 11
243 326 10
456 471 3
68 504 2
9 99 7503
172 452 7
36 873 3
577 1469 5
663 1063 4
524 673 1
912 1365 4
674 1303 3
306 974 2
4 183 6
9 88 7023
257 1033 6
511 1360 3
378 702 5
826 1464 8
340 848 7
584 1524 7
570 632 8
569 1078 7
99 922 4
9 83 9970
913 1905 9
470 1521 8
344 1269 1
626 1068 3
1240 2310 4
1111 1973 3
100 874 3
1012 1559 10
282 1333 7
8 100 7329
714 1146 5
134 508 10
74 315 2
781 1298 4
737 1320 10
930 1405 1
732 813 2
812 1424 5
8 92 7756
352 378 1
861 1854 2
26 29 4
772 1594 1
266 1268 9
666 895 4
1085 1216 4
240 1118 9
9 84 8885
871 1328 6
213 547 8
601 777 6
472 1149 3
815 1614 4
820 1203 7
676 882 4
974 1018 2
371 514 8
7 97 9981
4476 5717 14
1011 1519 44
3418 4333 38
299 4053 32
2940 5885 29
1525 6367 42
4385 7773 48
7 93 6959
885 1463 7
927 1186 4
54 587 7
541 946 5
551 1327 5
389 857 3
475 972 1
10 98 6884
755 1669 4
806 1368 4
871 1298 5
315 1095 8
791 1259 9
285 775 4
76 573 8
84 788 9
601 1116 4
700 1578 4
10 92 7482
351 373 3
651 1124 3
396 1152 4
967 1335 8
561 869 1
270 647 4
227 350 4
757 1006 2
565 1062 3
776 1473 6
6 97 9731
2113 3853 19
2089 3040 3
1217 2361 21
747 1338 14
274 1782 11
1397 2109 9
1 10 10
5 9 5
10 88 7744
761 1679 2
442 924 5
742 1441 3
18 726 7
576 926 5
611 1392 2
186 632 1
93 345 7
398 427 2
599 1281 7
10 82 8145
476 675 8
878 1288 6
362 1087 1
649 820 4
831 932 7
660 1275 1
724 958 4
405 719 6
342 910 5
681 1047 5
9 84 7139
468 1031 6
127 939 7
530 1262 7
73 315 1
916 1820 7
68 157 5
709 1319 3
48 895 2
102 1064 2
9 97 7543
726 996 6
456 771 7
272 480 5
809 1579 1
651 1604 5
134 548 3
342 680 8
610 1290 8
692 1507 3
7 86 6964
870 951 3
840 1400 5
478 1185 1
715 1556 1
569 643 3
831 1672 5
858 1537 1
10 98 7971
288 559 2
127 904 6
526 804 5
843 1552 1
150 894 8
122 165 9
233 821 2
472 1230 8
838 876 9
748 1440 2
10 87 9901
896 1529 2
983 1857 5
547 1274 3
275 403 2
66 268 3
316 966 1
660 1110 3
826 1462 5
754 785 5
865 1281 5
10 99 7396
406 1241 9
859 1852 2
385 566 1
219 421 2
430 1130 8
116 735 4
404 722 2
188 846 7
670 1165 5
551 1459 4
1 10 10
6 54 4
8 85 6699
305 849 8
270 835 7
321 496 8
547 1080 8
751 842 4
256 1045 2
44 1042 2
929 1260 1
7 90 6730
845 1402 2
562 636 4
729 1315 4
532 827 2
719 1478 3
673 989 8
939 1538 2
10 96 7310
315 498 9
236 727 4
59 635 3
862 1515 8
984 1132 7
786 1282 8
296 1158 1
762 1098 5
986 986 5
957 1893 5
7 94 6726
870 1614 8
794 879 4
169 992 1
52 382 3
579 1175 8
651 1286 4
16 409 1
10 85 9455
978 1949 2
144 1122 4
600 1233 7
514 806 1
855 1186 5
846 1144 1
312 1131 8
590 1316 1
179 241 4
348 966 4
9 99 7100
584 669 2
46 965 8
893 1229 1
211 1128 8
184 746 7
110 398 2
572 823 4
343 1061 2
136 137 7
9 89 7515
113 894 4
436 1207 7
168 810 6
664 1388 3
522 1012 7
722 1568 2
594 874 2
795 979 1
375 872 8
7 88 7765
11 673 10
230 1361 7
782 1108 11
35 1088 1
238 1281 1
922 1927 8
256 1360 3
8 83 8379
766 791 4
834 1388 5
315 1274 4
767 1543 7
444 1394 2
541 1524 1
42 452 6
713 1307 4
10 95 7032
70 899 21
524 2870 7
1218 1367 13
711 1304 18
1652 3273 15
883 2259 7
1712 1974 22
194 2590 1
596 2169 23
2065 3343 14
9 81 6678
356 579 7
26 550 5
646 1241 8
738 1716 3
950 1805 8
764 769 6
485 958 2
672 1511 8
994 1732 1
9 97 8041
678 1574 6
406 480 2
261 1241 6
289 859 1
463 1288 5
868 1467 4
779 872 1
624 1459 6
639 1393 5
8 98 6959
152 295 6
805 1473 5
88 435 5
538 775 9
711 1376 8
837 1512 7
49 583 9
837 1106 1
3 99 7445
562 1086 14
54 962 7
1574 3052 13
10 85 7447
422 1140 6
208 596 5
207 584 4
828 849 3
392 851 5
437 707 8
360 784 4
673 1109 3
782 1499 5
664 668 6
9 87 9348
349 1338 6
105 978 4
468 1262 2
631 1574 4
787 1372 5
464 638 3
35 889 2
504 892 1
731 947 3
5 84 9139
1095 1252 1
1124 2295 11
1308 2587 7
864 1758 13
747 1801 4
10 82 8142
18 305 2
839 1112 4
541 579 7
921 950 8
451 742 8
365 1129 3
838 1692 1
354 1305 5
14 113 2
705 1334 8
10 96 9298
251 682 9
579 1502 6
279 1182 3
98 954 9
652 1176 5
214 316 1
541 867 4
487 1070 7
247 1062 5
468 1207 8
5 89 8487
8303 10000 55
9575 10000 83
617 4435 80
8214 10000 33
9380 10000 32
10 84 6728
70 1062 1
861 1560 4
884 914 4
158 753 2
417 1106 3
618 713 5
336 1052 6
933 1161 7
653 1233 7
374 422 1
6 82 7041
1563 3479 1
1698 2962 3
1138 2478 9
778 2750 11
975 2752 12
837 2482 13
9 91 7869
1340 4867 2
6403 10000 4
7399 7781 12
8513 10000 85
8331 10000 17
6836 10000 70
9552 10000 31
9849 10000 64
8390 10000 46
8 98 8400
995 1172 2
683 913 8
602 1394 9
992 1216 7
684 962 6
985 1152 4
893 1615 9
26 274 6
10 87 8787
228 1092 3
1008 1841 6
921 1335 1
871 1000 3
334 1050 2
575 1373 7
396 1081 2
769 1410 6
1073 1823 9
803 807 6
8 95 7358
993 1371 8
361 758 3
65 414 1
179 1155 9
239 1068 4
925 1291 3
526 1475 7
159 764 1
10 98 9920
878 1838 4
668 1303 2
212 1178 5
218 670 5
658 1647 1
643 1296 7
432 911 4
314 648 8
807 906 5
426 799 7
9 93 8401
594 1563 9
128 1084 1
796 1684 6
134 576 4
234 547 9
768 788 4
486 1333 8
322 1269 1
117 585 7
8 82 7528
698 1064 8
165 1009 1
733 1059 4
419 594 4
896 1840 1
824 1149 2
59 172 1
261 1228 6
7 94 8619
998 1907 1
985 1918 3
749 1463 5
138 515 4
473 862 7
878 1244 5
672 1202 7
10 91 6702
702 1293 7
478 1288 2
175 425 1
888 1566 6
741 1436 9
672 1486 1
400 684 2
581 734 1
844 1288 9
363 1088 2
10 85 9972
190 836 5
683 942 6
210 272 7
346 948 8
990 1943 5
386 1193 7
156 608 4
267 855 8
688 706 8
759 1725 6
8 100 7553
644 778 10
9 273 9
705 1387 5
609 1266 2
518 807 1
252 468 8
825 1745 4
488 1011 5
10 93 7536
775 858 3
924 1484 7
876 1077 3
897 1549 7
361 1250 1
92 191 8
380 1323 5
442 739 3
444 812 7
295 1150 7
