100
100 1
100
10 3
20 3 15
2 5
4 3 10 8 9
1000000 1
999999
170523 1
20503
249037 5
611581 886706 578078 48152 27032
544324 2
601577 834579
1 5
1 1 1 1 1
247461 5
173689 79865 390271 220309 160933
969453 3
634233 7626 611356
831632 1
847974
132127 4
661439 397105 179479 279561
911504 2
874043 112014
2 4
2 2 2 6
534308 3
657194 236409 65697
591465 4
351587 767579 239943 13026
165470 5
564455 413704 260322 169168 314705
391648 5
33062 53662 240789 844964 824033
5 5
244 141 62 125 364
587996 5
833275 4953 117373 514310 424373
10 5
5 5 5 5 10
189846 5
172059 281625 293837 51766 341022
1 5
68 301 644 339 553
504661 2
359899 688327
1000000 5
399566 391065 633510 184657 456011
2 5
1 1 1 1 1
2 5
1 2 2 2 4
780716 2
686287 201027
197558 5
71635 326109 615387 856454 940232
9 5
2 4 5 4 1
10 5
3 1 2 4 4
824458 1
483899
849141 1
295551
970169 5
952469 932911 780744 763930 188614
956001 2
755297 641993
732026 1
78131
887849 2
973577 884234
433249 1
543300
681069 5
66228 223748 529216 805234 902702
4423 5
957190 162943 785167 721119 966012
197254 3
234961 243708 910694
417898 3
450974 92761 437470
924392 4
801795 840080 507335 409828
629910 3
475261 67036 681865
3 4
2 2 2 3
231190 5
724198 452512 418808 384862 123371
175170 5
153807 145433 159973 126170 259342
3 5
296 346 117 214 319
588324 1
329929
845703 3
322559 958400 973411
940554 3
223678 834376 898954
565498 5
815911 778804 598942 366681 56372
11 5
10 5 5 5 5
200951 2
735870 58631
872596 1
21405
941556 1
985451
370391 1
90828
348209 5
87820 100314 156769 358891 320465
436572 5
999952 623975 587393 578501 386673
103800 5
63399 177974 401211 949216 963435
19115 5
908631 700519 397641 160459 41750
1000000 5
1 1 1 1 1
870445 5
749072 679858 634515 317910 258781
419421 3
808938 441692 330925
957542 3
290601 746501 527555
3 4
2 2 2 4
11 5
5 5 5 5 10
6 5
740 409 807 227 619
259397 5
220831 360124 725650 734607 764032
1 5
1000000 1000000 1000000 1000000 1000000
3 3
1 1 100
471453 5
922145 426021 15499 199869 553974
254082 5
2431 565749 32885 58802 164690
479051 5
287164 321055 160915 531000 618122
688060 5
398139 520917 904930 439888 918557
115252 5
278399 317092 71526 159540 237176
66592 4
91681 962049 775446 142341
3 5
335 266 333 324 404
1000000 5
53217 649641 915029 356121 881142
142102 5
578924 418703 331732 247719 52487
1000000 1
1000000
802527 1
86800
134271 2
269072 827354
1000000 5
732757 8679 718927 902730 563356
1000000 5
65388 348518 120368 126160 530269
1000000 5
765363 425646 440374 889889 554720
894546 1
478870
700382 3
290528 561512 125552
553705 5
929302 93877 32574 898070 595602
320084 5
258054 314183 329042 973145 984647
909271 4
415592 646240 899541 752252
9 5
1 1 2 1 2
761372 5
611602 445916 418051 198747 849588
1000000 5
1000000 1000000 1000000 1000000 1000000
11855 5
208037 900604 116202 557663 905556
723010 3
743512 535603 252225
376855 2
532915 712403
501725 3
823491 989780 861624
1 5
822921 657476 504635 8958 622942
847823 2
431047 19572
