100
2525 1
2400 5
300 2
120 60
60 90
136233808 38
87458713 3067
36284210 2744
115973179 5076
135916824 4011
110374927 1584
104132860 5067
5221369 9356
36795225 9548
83433443 7536
122269921 7006
42143126 4177
75357856 1335
113632339 6014
78508228 6084
28423748 5916
42024297 2505
22005946 1736
106160509 5539
128670231 9843
9624381 1811
13190491 5402
34236534 6827
101171660 9845
93532067 4674
101538045 4816
49596753 5968
30024620 2748
66547765 5067
97888386 9926
24823602 974
111370981 3298
105709652 7413
89886152 6227
124490122 5664
21499639 5875
45413960 1254
19589259 2571
28621756 2048
811231928 85
174711623 9026
229720388 2535
338481192 4112
31202721 4227
1920856 1248
71452145 139
58546076 3310
701448426 8893
767086727 6273
97794738 6266
453681762 5808
89900259 328
700375449 6209
26221738 6544
480176792 3076
422042466 8072
441353239 7600
66876649 8705
66380364 1722
306593460 9601
347286958 682
277649588 924
163909683 289
281507051 6835
379402328 3364
152723425 1947
141770787 4142
603630184 208
135500817 8884
518542624 1314
237561309 2754
612390803 8134
567981303 4696
148846112 2095
618995883 3112
256389115 9708
455963935 2762
655888944 3006
347604442 1583
539271801 3675
270115778 3078
627141607 3367
454300205 9748
121068724 4171
63713736 5897
326497947 7904
586205553 5017
64969119 4704
585943428 3189
750181914 659
522928774 6443
745099048 143
689403155 8552
753494890 8896
333611501 9037
437591121 91
331445624 5685
129336817 2752
479514427 3547
27340515 128
325366596 7199
617462997 9315
357485777 465
757317667 3624
180269816 4411
242406899 4627
190431937 2059
291655235 4896
126924381 4892
466082044 3406
431681608 8752
804764771 2031
244256348 4492
71673216 5008
639444038 2017
309989119 7011
403547327 7594
645887236 694
2524369 2833
287360509 4656
223436979 8361
250447224 6568
660105337 6985
549572392 7514
328593257 8620
973676432 12
463020065 7989
117593648 5532
361171807 9194
648735578 4624
91067986 2794
855550106 3542
130450314 2077
313245998 8533
66112427 1278
360872194 71
765947167 9700
742000268 9781
1000000000 100
999999938 63
999999940 61
999999969 32
999999925 76
999999980 21
999999904 97
999999908 93
999999975 26
999999936 65
999999986 15
999999990 11
999999929 72
999999939 62
999999928 73
999999988 13
999999966 35
999999922 79
999999954 47
999999965 36
999999952 49
999999961 40
999999998 3
999999971 30
999999959 42
999999991 10
999999977 24
999999979 22
999999910 91
999999947 54
999999937 64
999999926 75
999999968 33
999999967 34
999999983 18
999999972 29
999999901 100
999999944 57
999999996 5
999999912 89
999999981 20
999999909 92
999999989 12
999999914 87
999999958 43
999999997 4
999999946 55
999999905 96
999999906 95
999999921 80
999999974 27
999999982 19
999999956 45
999999913 88
999999903 98
999999962 39
999999911 90
999999918 83
999999992 9
999999920 81
999999933 68
999999942 59
999999976 25
999999993 8
999999960 41
999999930 71
999999995 6
999999902 99
999999907 94
999999923 78
999999915 86
999999941 60
999999931 70
999999987 14
999999984 17
999999999 2
999999964 37
999999994 7
999999963 38
999999900 101
999999978 23
999999973 28
999999927 74
999999949 52
999999932 69
999999957 44
999999985 16
999999924 77
999999919 82
999999950 51
999999935 66
999999934 67
999999970 31
999999948 53
999999917 84
999999953 48
999999943 58
999999945 56
999999951 50
999999916 85
999999955 46
2 1
1 10000
481072059 20
463021584 4693
307215076 167
98653804 2814
460556140 631
77852998 5668
321204796 8942
291103931 7054
222524575 2573
200823392 8681
255522839 6851
39519744 6304
189721952 902
411398224 8911
7663762 1627
151706540 1753
64556417 9541
125000600 2111
364960822 726
41255290 6787
74546949 3294
937371632 5
770024793 5806
3951730 4926
315981364 6167
705267166 6581
607199001 6294
200000 100
2308 7
9823 9
5428 8
3892 7
9494 9
3005 3
5082 7
7342 3
1616 8
9287 3
9263 3
3769 3
5985 2
9160 4
2876 7
8630 10
2662 2
5091 7
7439 7
7590 6
3866 2
3139 5
261 4
840 4
548 5
6304 9
5000 4
8522 5
6833 8
4051 3
322 4
1739 9
4661 2
7571 6
137 8
5735 7
8786 6
5869 7
2498 6
2951 9
303 7
8570 9
5197 8
7800 6
185 9
1294 5
2888 10
5363 6
3104 7
2219 4
3407 4
90 4
9831 1
9115 8
2218 4
7888 4
2733 10
9126 4
1767 6
5831 9
2599 6
1544 10
7895 7
8859 9
7142 3
7783 5
4838 3
2495 3
8799 8
9041 8
1608 2
1426 3
5077 4
9830 9
1907 7
3416 4
594 8
4379 8
4759 6
6776 9
2948 6
1819 5
9724 7
5159 6
2452 10
1234 10
7028 6
6668 8
3386 10
6529 3
4009 9
6485 2
4949 7
804 2
8071 8
4115 8
6021 5
9765 4
8871 2
8730 9
161333298 21
62061105 4823
6113014 3571
81794243 7863
107613951 1796
117468797 3490
112230643 2883
141395137 2807
152505808 1376
112792203 7136
63927439 9324
15488870 3332
88871086 7945
21240433 4760
151866935 1815
136620223 4325
89949315 8060
103026994 7020
51689835 8137
96375234 7169
39479972 7275
122881006 934
639446508 49
573125649 8036
542853827 3779
246446644 3464
103294968 4279
306532521 7872
499548248 9631
388064382 7893
505847533 8205
170532957 5494
82079565 5509
194479144 5590
596660034 2609
570853471 7200
437486475 5396
554450042 3872
368495283 5709
622917044 6920
71000613 4862
143924844 974
49628677 301
405991841 632
320008443 9705
238341176 1310
84025004 9556
334372407 5028
543179311 2666
399499726 881
132280404 6399
53576983 7175
450957101 3818
272753914 2967
581093711 601
321986599 4677
33247701 2732
283979246 1646
514168766 7442
460043243 6459
452821107 2821
30483477 3686
348804880 9822
492149099 7860
214328542 5760
467796139 7340
447592213 7052
404695769 8080
210552403 7191
201888804 7909
453553834 4862
136605598 1284
523480849 1000
327139523 8262
68474630 2302
36998108 2085
343742788 5762
154905525 3086
269033784 4395
468064272 2895
64271495 5215
307800671 2060
243099270 906
409303221 6163
90976686 3340
176683226 857
323006872 3661
500983306 650
448416374 9481
190868776 119
168160366 1482
454258934 7851
333648995 7792
306753841 9360
237997176 6942
442460364 1724
461110804 1319
170159769 3080
305086770 3504
398640651 9453
396470067 2915
475469341 2630
283220778 9377
253161459 7104
73366222 9409
215176487 8652
69452324 3485
115190316 3375
132708220 7663
143531868 969
42113304 9281
152907077 9936
84172452 519
387671070 6627
464078572 2329
115859901 9609
171023877 9956
253567537 3124
335342693 6403
235874651 8656
4536058 4534
28492367 8807
4669355 6624
198442895 2810
359520816 7256
309321714 1668
454142217 2118
170240359 9748
85983389 6333
511017043 6563
53068659 4650
139136286 6046
211012179 9891
122549581 5604
301130495 7082
57789142 4721
328522341 3459
38667020 5963
432246245 1236
428004536 6337
106939132 7189
406019349 9209
101384651 2637
370161665 2274
218423542 2587
464710007 3792
131115503 8515
87912958 2900
185201249 8627
358942116 6687
356263441 1936
31099279 6405
331849891 8096
209231700 7840
470091015 7511
302986253 9395
12661254 9466
125549831 4093
5083477 4909
505724505 4166
454540626 9049
258124872 3684
166552895 7636
466203764 1411
207001102 1524
309609208 6668
326224015 3797
61421593 8230
20285337 4690
184341918 5318
494154192 7975
447523153 4786
271867904 7403
502170837 3064
61312912 1233
389359831 9474
412411686 9944
463940847 8982
47539969 3989
308779952 6507
331302577 9206
409413170 2213
202225484 7150
342860942 5461
464586649 2946
324551082 3720
429874994 9970
337678958 4646
110740102 2391
108218942 7506
323228952 8806
137188324 7070
462946873 6556
85886857 3330
266216618 8614
400811861 8866
416856383 9243
222650095 6215
442023758 9276
73176966 8043
169802677 3862
344416188 9402
489316474 9422
413502647 6584
508350147 6600
476722632 349
317439287 1178
114122858 7742
208749636 7615
419513333 7094
521156391 4793
248564235 891
180850923 1820
43143638 2498
367566653 7219
296136403 7042
392483763 166
177527475 8876
247302818 6594
332696712 3866
18222608 8468
414923095 9203
379176396 6374
351570059 5568
72765162 4503
99709666 7678
57523489 8988
444384761 2110
297031552 2894
495144951 7837
119921391 195
359739750 826
320828554 3029
55027313 7536
305458320 3496
261490575 6916
48219571 7778
231431996 9026
517910304 3169
426453388 1961
440575102 7467
111741410 5908
330181374 8843
175482331 9535
195224858 6674
92571465 3736
479028388 8299
274734106 4648
309855283 9536
47899321 8392
182626284 4135
395560257 8445
496009256 7890
371943271 5327
322563773 8601
124253848 3650
414854105 6621
19345197 9406
363476019 4003
425155920 3100
330494998 5313
482969939 4810
95564642 468
273137558 6253
476036479 6851
57865606 5431
205449995 1993
431681640 2376
29034551 4104
243096436 2506
347039343 6982
460498230 8562
515161596 3443
328375180 5286
170849685 5872
418244603 2114
125841157 2744
254128663 8434
437336928 6698
255127739 8346
366845662 7762
358681432 7499
494129884 8962
58100802 9047
137420734 594
324903462 2940
220321168 8083
479918896 2159
256905107 4790
385648896 8789
179453151 7049
345854588 2339
265964614 4145
154945207 9239
365690370 6202
181906781 2991
11417945 4835
202621274 9878
502840719 405
247446213 6417
328797772 6637
299157886 9871
41080040 5846
16823838 9282
76757928 8584
393568343 9755
313958661 7002
333107709 5634
246130319 6244
228997619 4218
269389641 9352
119796243 6462
469172776 9132
178150964 861
19148084 6124
20446019 8364
132005661 9573
341062807 1165
253670575 7426
120293748 3315
208891808 6325
297728436 3296
15308634 428
272405937 2172
179598408 4719
440718362 9864
171699987 4155
180313300 2280
372794040 3348
341135133 399
324403725 1883
244983844 8971
310956687 7869
70703369 3310
348453731 4340
40393337 9275
479905931 5171
64344402 4213
322308276 6116
414964856 7485
398576172 1375
417720180 5303
180512312 7127
48512093 1273
85726989 9149
457841505 1231
451660215 9299
217158774 1467
390391995 613
384822334 5134
278232634 6977
195578633 5266
285782520 4783
457650758 5159
402101532 8790
15177741 2888
13719174 4716
508499557 6238
329242406 1468
275967699 4691
158246505 6476
213452518 5080
429540247 5035
229943905 7895
201481189 9640
401367377 2856
425226879 4473
202283426 2147
345828958 423
194823670 4270
254616666 9595
172623537 4183
177175129 4931
228701764 364
51215661 3722
232039388 1458
374734080 4108
430347250 8142
92734582 4402
111294862 6605
471418971 4102
221283140 5145
192519298 7400
312270161 6936
494082906 9689
257671683 5011
473796334 5918
218586998 3454
224764081 2010
512808672 8232
112785781 8441
476608872 4288
169823465 2652
442534236 24
280161766 7981
266953893 9913
162307616 7926
522503571 234
31870986 1072
207638819 4519
158177144 1146
470310294 3055
422329127 8425
495572411 4094
93307801 3048
512239394 1048
408940930 3221
242066437 3931
262102626 8401
26635267 5033
130110031 4273
267045696 9892
213423480 1310
304990718 5635
116203204 1701
511784197 6781
1259173 6173
17348876 9123
103875438 6625
133437006 7399
519508245 9558
293948424 1545
275785616 3185
463133517 5050
255428019 4043
148847184 1834
402680567 365
292242100 4219
395938579 1769
502434803 6228
167817906 7636
456120726 3742
187106332 5910
237302771 3141
268880402 5182
286172259 8796
112108898 9133
243877050 7819
42240728 4702
364012431 5153
498174065 6226
468267555 5103
506793512 2848
494185897 5719
260042818 8605
8015544 7325
371826003 9162
509374134 1165
441231774 482
63410689 7087
251843751 9684
313236081 8550
292299116 3473
271123343 9013
93097192 4412
339635222 4578
10660684 4936
509817969 8784
22976500 9897
152527335 9846
83371030 3449
465190151 5036
399533610 1841
23838606 1241
436280768 6772
385171468 2276
477877559 1370
487462563 9509
484753520 6857
115951520 9796
265523345 1190
329081039 8414
135591020 8938
518022348 731
12822991 729
32012811 7070
164703247 7345
361594477 467
442826074 3012
21719492 1375
378496052 462
353044908 4546
320810264 4639
44006177 1590
95348886 3121
156338737 1826
116549766 2012
74683758 2409
466560367 3830
392811972 8352
156090852 5869
467129386 767
207712713 4666
282316604 5014
50712947 9628
237592543 3677
265457735 1806
139907137 4158
140949716 4375
100963078 2135
306526740 4485
3231968 8217
421417941 8737
160769513 8635
269322960 3571
431657540 1600
457386173 9414
399270007 3020
108904397 5298
297400052 231
109470986 4286
109332264 4581
475720899 3769
119401810 8372
56804089 3448
52872990 4834
220901196 4645
412327042 2763
431427138 2150
123963413 9361
378930584 8002
324140631 4991
177636214 3765
4246774 2917
421369576 196
18266427 6583
76116803 6921
372890171 9615
223923675 6756
373132029 1802
380564609 8541
440473827 4809
303413844 4793
82041213 9101
466199578 2396
300900797 3051
508239012 6980
306771669 4865
324498717 937
519676860 2585
328550031 6482
159638165 6519
238184160 2145
421606089 6259
66106781 2198
489488587 6269
320711501 1631
335096018 1590
285459504 8150
468232728 7638
295143250 198
135290914 4649
240943957 4098
36152526 7706
287583163 5867
264517415 5068
319434382 9886
265580773 332
470959142 4272
499093660 7966
120029572 5020
79255544 5399
500626217 5805
62588385 3191
134780343 8751
399702929 25
63137087 656
262975011 1639
68179825 8040
125613496 7180
225310902 8633
6035381 4672
180686574 1499
19078066 6477
88710064 4851
467200227 8122
126574952 7199
267069293 7935
108774599 7555
23370356 8765
395510229 133
173325204 1244
294336031 7960
308215677 9974
101041517 4875
4435278 3028
250919779 6639
156078302 4520
76434302 546
327907538 1674
363013048 1029
332648641 8228
8804778 7534
375734498 5965
168414060 2228
362748385 8958
208573261 2687
430059848 2275
356064915 9264
9427967 2630
415001968 3930
347326271 1054
460343596 2456
62152331 9616
12349447 4967
456932604 9780
143005084 7419
209084727 1154
223278293 545
23115402 9822
308005381 1168
359904244 8275
106527758 3492
5613257 1624
239038340 515
358492987 77
507402590 5942
204066905 6696
464709782 2686
131182623 1038
269135339 7583
246828952 5177
254546135 4867
472531152 5470
493255044 4477
238338574 3294
210522080 4715
255932362 2685
151061373 8970
124202142 8549
469479990 4420
313950708 6910
426775064 409
73642841 9034
439972909 6484
480188113 752
463822309 7253
402646639 7013
275098192 639
348108282 2110
255004737 6757
481578769 5992
168767881 2406
32489528 2610
166285446 4201
352639637 3203
177803895 9144
63247018 5192
159165140 9829
35731214 1822
272062674 27
365115769 3535
327148526 1412
426955236 3467
13490110 507
397313034 9641
503016178 9051
67165670 3063
370132057 6423
18895110 4295
85742211 798
522978503 3947
31114725 8703
147438728 4009
291187077 792
65347352 4250
120057198 9116
270467637 9065
292898238 2722
45440039 3538
352445164 7097
142776893 6564
256686190 6639
203607091 6192
495174105 3484
516755408 9324
323734877 798
154305729 7575
223720311 9189
173028396 5362
353946627 2182
426730530 9941
468084915 8653
272971773 8246
258941839 6368
454562465 1708
305943758 2268
408458182 5299
364582652 9352
217871467 3860
209432340 9238
483979478 6693
67720534 4316
316060088 1544
321165903 8457
328685093 8728
149155209 2357
481179230 927
198264415 2887
446277615 834
59600642 3179
156218865 7350
443177165 4636
312147613 3996
375572581 5960
103845665 1087
417256524 1031
87650587 6562
126360396 2303
394648787 7823
154349354 841
251309753 2263
8365784 6249
511288295 6068
342964910 7508
15004876 1286
333390577 2300
179747522 4990
443490653 7449
443565161 8785
487745631 6617
323398561 5313
206450736 402
442970634 9788
224119569 8961
466620394 585
177156550 4494
310240519 8287
498656197 4258
299166131 8357
185672286 1428
468339660 6528
143364516 507
123545119 1798
331745235 638
212815887 7346
448443299 8454
191614078 9404
405008116 590
517600690 9506
312022893 2211
154504877 7008
281943167 4242
482814745 944
439682959 4568
391243063 9825
200184722 5021
475813957 9870
142217728 1434
113709116 2022
79250756 7049
288541410 7902
506996249 9652
404685597 4167
157109137 94
264218702 9870
66007332 9657
48279311 245
103620613 7961
520260398 9074
106366876 6003
232031174 8758
409576335 7524
234819200 8263
407692849 6252
64180079 8271
195690872 2530
404765412 9733
309170484 3542
9429654 3542
287188996 1783
470349468 6661
54187308 8123
12223782 4802
246663579 4875
120869793 6596
417080318 8138
343039520 5227
142822104 6139
174425224 9264
36698635 3959
452049066 2711
83489434 3233
221901917 5560
94063488 1399
357208370 3217
518040339 2168
217279751 7580
439173333 3640
522146374 9392
342531422 2197
81167874 1102
225839050 1868
202627678 4295
360214231 6505
488552927 24
437071202 9708
184938237 5172
379335786 866
424156638 1616
371194222 9718
7222446 3386
511332575 4979
443651581 5545
64254991 3591
226874356 9852
503737543 3577
165905213 5504
445276263 6537
520841333 1859
213288883 2195
168557150 3974
424014106 4726
262147863 2728
324476685 7208
412078979 3434
229543173 67
241449777 4749
400154117 4490
436684266 1501
442254793 284
207992726 2009
398251182 3175
74412829 2729
302254285 8740
402198831 4337
295821477 3498
386765173 4218
79823755 2636
168191419 3933
506044486 3900
355369640 3080
516416237 9885
119691050 9371
339547731 4963
421539136 5263
398157036 6449
325036870 8997
141577267 1033
388860700 7364
421758186 7613
205905922 6712
497239947 4178
349733423 3581
124590360 1696
153820270 4529
414958288 1434
495088178 1567
279850226 7240
510065445 8792
235571174 6336
206227202 260
400737032 5245
113015508 5062
235922907 1833
156235639 4717
445292731 6136
303444365 9450
264485412 1903
52897131 4401
367340089 1419
2988933 3214
449381747 1352
15207687 8459
312345985 1805
130698002 979
201551884 6625
338129723 7809
383963626 2532
114480935 1139
133220584 4931
371919354 4807
44393443 2044
25890015 4088
185341428 7838
50218755 7487
47916013 3688
239510949 3476
30358736 38
161231125 5348
318039622 8554
192121006 4499
497063528 6268
77013817 6517
77986143 2289
375573555 8349
379012841 6601
94118865 4716
461144819 9135
147711921 9948
413118274 6820
404251853 5097
126634755 2166
290920175 288
418516983 6112
255621149 3733
304386787 5963
455720307 7569
16464652 3684
124452840 5170
326461968 8489
151892497 9512
263927877 9255
124706755 4369
227129229 9517
521853296 1286
44108110 5846
475765101 5974
98252222 7892
319411115 8303
510642639 1559
97294546 9506
360827527 4096
64138931 708
280856575 8956
496298045 8581
27898598 8570
123422083 1944
155632322 1299
312416625 4430
106816342 6639
417318526 2719
240675021 3149
189546307 4040
259955551 3376
381518795 8718
360505577 5804
345100050 8563
179936117 753
44098388 7148
24567794 8289
151557209 7119
13343089 4486
46020612 3938
192807559 2319
86332108 5235
44182172 9861
105280983 7711
122757537 579
520022021 7347
491114472 5274
228942055 3654
395260076 3338
17130449 6207
383512128 6040
306645550 5378
210943647 4513
281762214 6532
8967132 9704
246371871 3281
190947468 2655
497450170 9360
116912061 2290
66682353 8639
397439145 2472
117963657 9154
477487267 5545
463875424 5994
407817147 5247
5424369 2099
226457710 7341
289146257 9272
498213061 5009
66402273 6828
79275393 2718
314073341 3388
240548791 1025
479503268 2396
91741721 7436
515244621 7053
277608204 9730
486738972 8475
143116067 2380
231557166 7034
454232199 1780
403086535 2297
40593893 1297
72854579 3398
136976285 6387
145231484 8807
420882578 53
488120188 4449
296365420 5878
489655270 1661
417410877 1424
191306699 6111
284944625 4335
51081991 6448
209728911 5603
207721400 3086
204820338 3095
99971344 3717
406694978 2707
170541879 920
96536521 4679
355265454 2672
238752208 8990
217123750 2835
206461096 7891
484975309 1720
465671256 4390
476221922 4612
299823364 5736
80774371 4843
268570171 9069
463168065 2109
316413904 1186
288587933 2427
399995096 5661
177268717 618
69696503 7357
49829313 8803
65236775 5591
468622707 8266
221116664 9763
147902452 9485
522805484 7700
196026781 2121
396003188 8207
244830827 2403
137193518 8000
462583258 2866
57058823 9379
61650036 493
19567543 8813
229267173 1792
513177221 1009
259169388 2873
308211984 2544
422191895 165
296663290 7561
493901947 8866
167026743 1668
110468698 1437
239596663 1639
233689124 5934
90369989 7049
251192303 8531
339617972 2687
515168963 5034
311095811 9719
520846622 3934
341398961 6374
522387356 308
283561176 9422
382542277 2331
323437124 8669
490587847 8493
391999494 8443
264087811 4407
71503641 4725
500473787 4
516080872 2956
522517597 4872
517371284 511
195109410 2566
39099060 3681
335626087 7082
218934274 64
436090571 5144
336810170 6306
243935796 106
107147163 4213
41844344 1767
220067556 5350
337321097 567
307360444 4677
262558856 8442
166926501 9459
161022619 5374
416793492 6685
3862053 8803
499473986 4821
452772108 13
148236678 1525
403115148 8824
283815013 3142
386835432 766
398236834 4632
380343454 7526
363714476 4041
161770644 625
52943852 1735
3844664 9937
419632305 4646
386607837 3505
324881510 1689
839283080 100
726525383 3022
511823057 469
654957329 9938
125808620 3588
114929192 589
129384897 3607
1825667 6715
607304183 4788
60056902 64
356678125 5122
556740971 1523
6345063 3156
128630661 2519
789365962 1336
683175289 1589
797942632 1367
605468601 9780
695288038 6200
204746208 8287
829084121 3326
708449183 3708
58353165 9068
792236717 2413
174459807 6972
741668299 3510
107076537 4635
375043046 8258
169183672 6952
155455673 4161
504175202 1739
271238836 8245
218220887 4267
194824359 1475
783992201 4688
349309833 4320
302733238 8773
786607452 9306
744780730 723
142684555 3866
176635566 3088
462737552 2
447302305 3893
536147300 7424
582402202 4826
12556420 9460
325134666 599
271743039 9845
384429234 2156
212569008 8992
246299230 4979
417610502 6970
101183912 2528
317511268 6457
7474233 8437
464695237 4576
785933182 7093
545178451 4931
201141829 6802
588835055 6798
450784779 9511
735756493 6393
610245772 3020
67938604 8426
300282125 6484
813499785 5722
57843420 2441
72373895 2993
325258740 1103
469584701 8447
275970046 3013
633129870 5181
726681183 4043
24289944 2641
769517177 4582
526856534 2524
125107678 7271
195361869 4541
633141828 7606
152018182 7413
440772343 2319
252266072 3662
736589845 6079
542081163 9418
506020306 3863
390566490 6491
3589514 3872
267133556 7831
91549381 6428
9245051 9603
417425503 4240
695027602 6132
143981634 8378
467788142 6272
702820965 1874
550205801 1602
139952614 2549
197601552 4309
622599014 7665
685016291 8675
86517815 1469
403355029 100
267791970 55
323748956 8645
238232192 9926
17540298 5870
123705607 1460
203864559 289
238569340 9341
286445368 2037
333166085 8703
371812862 1605
272570980 4831
143045996 9697
67291301 9459
247921433 4210
9951363 6988
361500958 965
99296466 6399
381714292 3075
240176751 6672
103622101 7266
20511447 1169
152125102 7530
279141368 1391
5895995 9187
183540122 1996
290842393 9654
290491408 7705
174635012 1595
201519912 6568
311855109 8734
268251534 8682
333073941 5570
5005774 4504
150714570 1095
4970325 2178
54808897 466
20778259 4810
365976324 9590
320311082 6246
177717115 4838
379678636 755
23144956 8969
176847216 1504
205676248 865
277811898 994
391369692 123
280375934 6351
288827639 9771
145351675 7410
340445579 2743
53839722 3976
7131422 6888
80418380 3971
332791646 3568
384357951 8900
119972328 9445
360170547 494
396707394 9297
366464125 3415
337710199 9536
176397036 6803
100637784 6660
155910281 9933
214844359 3090
233980267 875
253022300 535
178343804 1973
344475723 5271
189226611 3153
230817673 6498
119271393 7486
335774275 1456
280604861 951
402595557 6642
282652830 2259
273807186 1134
171663750 5509
258906373 7594
118548700 2455
381939664 6803
392915885 3769
111274430 102
345851031 9101
277467194 6170
34969475 4091
339752191 3204
28986410 4130
313850795 7014
30545265 903
285124065 6976
359332244 7270
374716590 2568
289149810 16
388314766 5200
195986817 3626
175125713 7499
263719781 5282
344509839 7546
332329443 4515
53138240 2472
509730386 100
265395168 5545
466550732 7072
220251970 3702
420920919 275
41320514 4484
127422723 9002
216010687 9432
240091997 8573
405225974 8903
496992001 4348
95901456 3279
48688933 7049
17328853 971
330550681 8935
69952245 3948
350624267 7150
489494443 4870
124901025 5248
349067118 197
172589457 6223
173879744 9777
220726024 7397
194692497 7561
321874788 3802
294574824 8754
121870209 811
82532152 1492
444118700 8834
503362135 6260
251328225 1945
119866782 9221
88757122 6839
103331303 3305
287407003 4491
105555304 3234
134325344 1522
292054153 900
487757569 8466
150054578 6858
52234767 5352
240855405 476
134725263 8143
340857969 5259
153743612 1958
38473653 2091
67291350 2650
339563943 2932
450290349 3420
80387140 3763
324043854 4566
290757997 5764
297348241 6364
499322777 8848
404198371 157
487984170 340
150421383 3796
452860573 7997
336245411 238
250238745 6090
104480700 8141
456493123 6448
437737232 1811
123618214 451
348132371 425
1668500 7630
174190916 8729
368476311 44
152552067 4207
460339988 6018
67791646 4131
428001508 3456
407172526 2816
105474220 7153
81269289 1529
471647006 2697
508761247 3022
442447037 4015
475798057 4559
91388525 1912
443968160 2612
142587198 5561
396303411 4146
300464763 3411
269417986 2927
482159022 9372
385525952 8020
151793727 6660
176710739 6476
342203352 5949
266237078 6437
73469662 2250
181904676 2150
185004604 5656
499015299 8634
316404541 2361
11812373 2277
82971450 5703
86913935 9842
304063168 5907
64094970 7537
1000000000 1
1 10000
819796314 16
148737998 9505
723905592 5346
119262192 6102
522100117 8377
448590019 7171
55075677 5358
618839598 8703
221168485 1099
531093240 3157
660020531 7092
514832072 6761
241360900 2086
597662241 1356
167390507 2392
159355801 3269
571702727 515
918198058 68
378692722 4154
820063791 6631
158416873 569
248297327 6572
568330924 9899
247944228 7839
495827172 6032
526803080 5799
566052805 51
468834322 9678
294021507 2582
906914654 9392
557437946 4674
900015607 8980
306164166 1140
127722861 9248
20564530 5373
895744783 2033
693944325 677
441577739 3372
224841594 7891
469631718 8219
535398650 3667
528945432 684
362935070 362
612573702 8705
6889152 491
4212469 4240
5377577 1691
180549763 6227
351429154 1683
487564997 4663
23171416 3108
705795722 1003
379998169 7096
753221657 2187
354603382 9664
92871904 8852
766475928 2167
839380494 5575
354431979 7728
246858518 180
772069390 8386
129207669 2949
129917864 4632
689885322 5640
883669718 7921
712738686 2417
838875760 6928
345383466 8748
851452231 384
148305798 8208
625256856 763
144286375 8975
20288654 3053
841256294 1141
157547433 5199
704158580 2804
618541212 2599
588672960 4913
131858798 5844
58571772 915
631128140 6528
208463631 8998
311577696 3081
759728793 6520
170054966 5367
367244701 7356
978071262 15
911205547 486
661921219 4297
751841639 7152
120034687 2726
705849869 6544
332168512 5128
181206231 9729
213036429 4442
433501221 9639
936736881 2119
487208336 1693
601107495 3133
720231509 8859
609542995 746
800754531 9255
2 1
1 1
726121043 100
139065899 1449
321155900 3151
108572985 3507
697962634 3613
623919338 4576
674309048 3654
578634589 7374
60411706 4607
552900808 8545
281868675 6871
222927247 7628
69623709 7420
449851827 3520
162154023 4416
585129274 764
102693183 5704
574870804 920
149350859 4236
285183506 453
521893886 413
441453148 9519
42781061 2365
456126936 370
210346453 3413
285353924 1276
693291314 9498
235282600 8416
698638522 1276
524739466 3938
230146799 2944
186022 882
649407082 5135
590801090 4418
696923558 2079
5124933 5279
586350887 2831
508534058 216
181886852 8422
570136000 1413
390876865 472
501334522 8416
545314221 8330
596936068 3659
570656660 2029
530744515 959
240886039 5338
556788211 9456
702229794 2342
321106367 8831
245651286 1859
44006117 3093
30376220 3672
127867544 4562
443691839 8687
68061577 3843
78727055 3328
176699136 4903
637234657 4032
227991250 7171
101716242 191
67501211 7931
338008102 2487
264578512 2970
270696176 4175
76533790 3695
304274850 9366
503092925 2578
127923799 5305
11139413 531
506354338 4009
520021178 9396
443479367 8023
119323504 2174
154908259 4891
253633443 6321
518305480 3210
384537629 8674
341245936 1035
456628069 8275
150091823 6077
268627886 5057
717269005 4254
509881428 2163
637789134 431
626551910 9031
200282551 6548
63280605 484
55768167 9344
620555457 6702
276404249 9404
472894855 9910
289373855 5173
451804216 8470
264876279 667
545209469 707
646824799 2003
177633804 7209
397015267 1258
226424759 340
352849387 5468
381756159 38
13071381 3714
109804975 2119
125130534 7999
199608149 9820
139422573 9912
371827248 3370
4701322 7750
287253537 1622
326692227 937
284658160 1917
80022681 3144
155384968 2534
273032330 696
246364073 6925
125003311 6957
6920077 3137
319439064 947
141851657 8739
272670346 2823
325729000 1580
211834247 7168
359295795 4770
270794892 1658
378845410 5965
273250142 256
18928006 3044
230954875 9564
181849048 3633
276239897 1699
380089015 9656
258929038 7288
136470913 6909
224115 6045
154454801 326
266674125 6219
108781128 8364
111129475 1512
221904526 4152
1000000000 100
12345651 27
12345668 10
12345608 70
12345625 53
12345669 9
12345621 57
12345603 75
12345577 101
12345619 59
12345652 26
12345660 18
12345591 87
12345646 32
12345583 95
12345590 88
12345666 12
12345664 14
12345605 73
12345671 7
12345624 54
12345643 35
12345611 67
12345582 96
12345606 72
12345602 76
12345645 33
12345647 31
12345578 100
12345633 45
12345614 64
12345653 25
12345580 98
12345662 16
12345587 91
12345629 49
12345585 93
12345610 68
12345636 42
12345594 84
12345579 99
12345657 21
12345596 82
12345670 8
12345632 46
12345663 15
12345597 81
12345612 66
12345661 17
12345630 48
12345588 90
12345634 44
12345644 34
12345655 23
12345627 51
12345600 78
12345654 24
12345589 89
12345676 2
12345626 52
12345648 30
12345618 60
12345584 94
12345601 77
12345613 65
12345659 19
12345667 11
12345609 69
12345628 50
12345616 62
12345607 71
12345599 79
12345638 40
12345649 29
12345675 3
12345656 22
12345593 85
12345674 4
12345592 86
12345641 37
12345598 80
12345642 36
12345586 92
12345672 6
12345665 13
12345640 38
12345615 63
12345673 5
12345595 83
12345637 41
12345631 47
12345650 28
12345639 39
12345658 20
12345617 61
12345623 55
12345635 43
12345620 58
12345581 97
12345622 56
12345604 74
471668111 1
175907002 2684
539495301 100
456060142 8805
21765456 1290
29225877 5524
173272115 1704
364945980 8977
415950818 2550
80667593 1373
229646645 247
158672150 1194
12323517 110
250846001 8780
496900051 4974
52134668 1175
207799370 9564
31963300 5521
348722560 5731
313265462 6868
172051481 7872
486286379 6491
463475522 4668
46584553 3531
13796246 8063
536042335 5402
427609463 4076
445264712 2294
383607588 6142
351781533 5534
502863658 3652
380214661 6243
423592938 2710
267117486 4758
261570191 248
488119547 8664
412020429 8519
93829451 7566
218481500 2882
274290538 3924
36597013 8496
430470050 8994
46501840 3395
240392084 8997
165813845 7493
49248909 2039
455732472 4684
467965512 3766
470002829 1511
509411946 9755
205004404 3095
287259745 1483
276222475 848
11295714 7479
328796839 545
450941897 9946
261448419 767
137654331 9772
278847174 2138
344386582 4640
110575341 2540
114259284 6670
402266750 73
383181353 8985
85236368 2497
334854399 4700
373232870 9020
58079603 7765
527939240 1362
58170855 5694
223540000 4766
140790921 4211
518593506 5286
403668345 5367
290168613 2345
455012918 4000
253027441 6201
63267047 8863
424946240 1950
438844624 9196
272719562 6537
370853573 4995
531824921 6511
407569841 7307
382485415 2227
83934414 5274
128173017 755
410266524 6838
520615891 9663
27104966 5637
360287291 1929
152908042 3192
513666637 7603
467043231 5424
449296976 8311
472615168 8092
346848047 7188
396583719 2508
407224600 6380
106327247 4730
394373941 2400
94325944 660
349102879 4447
227701963 1
84672555 4724
363835425 64
319376756 2331
327813683 7447
285622063 3925
326327920 8657
240547032 8717
154563420 830
260933819 22
10827561 6077
5897771 9193
158587636 6237
314451510 1072
276570936 8167
70729079 9039
41869918 3636
110474422 2997
219672159 4834
38841611 448
37287491 7787
21914907 2862
219880443 1656
110071186 8396
146818770 544
68130341 8948
302455385 7392
132993921 8815
353526901 6944
13124159 2995
227534987 677
174914696 480
237703756 2317
141821056 7498
310683769 3296
207118295 7116
245752001 4493
104975170 5491
13665416 3149
211113548 6056
279455253 4273
66945191 5792
354115307 1300
56923495 2259
263212861 9931
255569165 1347
204355608 1871
69817234 9641
25028654 3620
65046977 2744
188486644 9538
296437187 9992
99323427 577
13532702 9190
267587589 7222
188750701 4289
353418599 8087
134651100 7206
184649398 1962
108557697 5054
176014883 6507
137785916 5729
40252473 4288
157420440 69
320425996 7750
315880209 3575
332830870 9608
397423455 45
198526267 1658
14969706 8965
210520784 4342
178711597 4695
188435230 1191
100958526 964
183623039 2658
389861942 7541
263830968 8970
336645424 5663
100854868 1537
103557720 7446
202157386 7329
336804869 8042
173791419 759
117800049 8512
215774861 3295
35625531 2688
151805785 6911
326789747 9758
181693534 5067
122593330 5382
220731306 9563
390479762 1518
79361486 8047
38817409 4757
99906920 260
355224534 156
311877615 684
206709931 1025
73610923 5678
336631266 908
256673929 3117
106443241 8590
375656201 1050
373383294 776
356505998 5103
113696791 7308
95780629 1750
205527158 9185
189164811 3977
268649769 6874
277228768 1053
827177 1562
188054449 821
1000000000 100
7100 10000
1400 1428
4600 434
5500 10000
1500 10000
9400 212
9500 10000
8900 10000
9700 10000
6900 10000
6100 10000
8000 250
2700 10000
1900 10000
6600 303
7000 285
500 10000
6200 322
7200 277
4500 10000
8500 10000
9000 222
7800 256
6300 10000
6800 294
8100 10000
6700 10000
2300 10000
3000 666
2000 1000
2500 10000
9300 10000
1300 10000
1200 1666
3700 10000
9800 204
9100 10000
1100 10000
4700 10000
4800 416
9900 10000
4100 10000
7300 10000
3400 588
5800 344
7900 10000
3800 526
3100 10000
100 10000
5100 10000
6500 10000
2600 769
3200 625
9200 217
3500 10000
8600 232
1700 10000
7400 270
400 5000
9600 208
2400 833
5900 10000
600 3333
6000 333
4300 10000
8400 238
3300 10000
3600 555
8300 10000
5300 10000
1000 2000
5200 384
1800 1111
5400 370
4200 476
5700 10000
8800 227
7700 10000
4400 454
6400 312
7500 10000
2900 10000
8700 10000
1600 1250
200 10000
4900 10000
5000 400
700 10000
900 10000
3900 10000
4000 500
5600 357
2100 10000
10000 200
8200 243
2800 714
2200 909
800 2500
7600 263
300 10000
200000 100
6102 4
3365 10
3933 2
5812 7
8084 6
9631 3
3284 9
2754 7
1222 5
9897 5
5580 8
5495 10
4707 4
9265 8
7697 10
2917 4
600 5
5405 2
2896 3
9378 7
7778 3
8430 3
8022 10
8368 10
6660 2
8803 10
8529 9
832 5
4430 4
5052 9
391 6
5000 7
240 5
1630 9
4307 7
4573 3
6533 9
8285 10
9931 4
8518 9
683 5
4684 8
3133 7
5953 2
2448 10
6111 9
5474 3
1517 4
1542 6
6872 9
9972 1
1706 3
2407 4
1986 3
3996 7
9197 4
8578 8
5066 6
6720 3
3448 6
9419 2
505 6
2683 3
2286 9
2442 8
5170 10
7145 7
2385 7
2890 10
2858 10
2260 3
476 8
7852 7
1242 4
7390 3
897 5
2957 4
5656 10
5315 9
2157 9
3121 5
8310 10
6225 10
7008 10
5274 5
9971 10
5459 6
1146 5
7062 9
2178 8
6173 8
4395 4
2799 5
1331 7
8572 10
3726 10
7663 8
5612 10
1428 5
1495 8
275383860 16
128712076 2507
160142800 711
66879701 2763
229694779 146
198250047 2287
251868073 3112
113151801 7716
125854290 1002
33360268 874
61965988 9187
208546648 9536
236760726 5143
70087663 1469
210635557 4891
272757204 3583
7571843 7028
94720997 70
59377896 4902
3105104 6842
62489453 5409
62854581 4542
27665222 3269
49151304 6277
19659243 8921
16398287 993
75584410 9740
15028018 5115
13412249 6722
88642895 3275
88722346 1631
50834204 6914
29267263 7170
40589419 7725
93308329 6260
21772773 488
22930327 5083
44478631 9265
912119 1151
49102056 9677
21414439 2623
66704241 6750
5760249 6355
4439418 2845
56561784 1002
7647623 9003
37395271 1215
30066629 9751
48548609 5393
88979543 5320
79680024 3645
21091609 7063
76005215 3994
14002645 7693
36950146 8039
10780088 897
72486712 5183
30824604 577
15129744 4235
50050594 1179
22907588 978
85124046 509
9562121 2813
45559125 5979
71002655 2136
5308819 7216
62260289 1415
27584879 540
28872630 2533
86942401 5915
8975434 2119
12047425 8525
44297717 1492
83965385 9300
972438 9604
7457698 4174
77808812 7471
83990713 8028
22122784 1887
62114606 9859
91726301 6661
18730427 9319
82448392 7223
27609310 5944
23192402 5990
4529602 565
39656928 3738
88059750 117
748097185 100
130596799 4213
596394424 4342
78296393 787
489682624 5233
742899110 6656
67797505 8509
495264477 1622
50048281 6244
135771269 6058
176689915 8628
100984382 3292
34661955 1766
651358512 7199
661076828 5668
416419829 65
249823255 9253
486421288 7426
582807843 9575
75493253 2818
433946281 1891
293183686 2279
108801135 4823
167811055 5582
215811177 8089
684285323 2886
72858258 4591
420408238 1702
439294607 1247
663343080 8573
450252136 7883
134234608 5227
90733935 3595
409887827 2367
65078427 8032
156279577 7581
38718207 7580
155145961 9038
99087009 6328
162738897 822
396372525 1518
571707055 4245
648595479 3663
674213793 7109
616304159 4052
342785929 516
210093651 3684
122847843 1565
729370953 1584
647539717 2146
487127448 1830
431763974 1404
395296160 9345
487882421 2965
310277296 8667
136023887 2700
484419009 2978
288289919 4847
627592157 5087
10985816 4927
398027297 5609
733369920 496
627408855 3044
704482721 4510
704268337 9571
105482577 4440
373069059 9467
669129306 1797
739390701 263
587117583 802
188236266 7648
513162772 5333
488844387 4693
564384816 5919
629087610 2710
349759258 8415
546418948 1354
274314796 7487
400048680 3300
622569062 2678
526986004 9871
487626106 4816
267616903 4042
627185009 6521
720978967 2488
190753695 6757
618913395 8403
747638678 1209
465489423 1574
232939844 1946
551166218 1547
693377791 7365
536708109 627
197893028 3608
255456715 6018
435167219 5464
160462155 9684
485021980 7201
448889068 3211
337402408 5625
65597003 6108
116788128 1
76414976 7823
200000 100
9833 8
616 6
1706 8
7553 5
8464 8
6336 3
8284 2
9267 3
1284 5
8991 5
8210 2
5098 10
5619 4
6326 8
9764 4
7201 3
5969 10
8200 3
5597 10
5800 5
6258 9
347 6
5220 5
4570 8
8424 4
3456 2
4158 7
8849 9
9763 3
1440 6
4871 5
9665 2
3044 2
5588 10
3965 5
477 6
3085 5
4902 8
8309 2
4743 10
3462 4
9427 2
1869 3
2378 7
1831 8
9831 7
2482 7
1039 7
6257 3
8509 2
1274 3
3970 7
8920 2
5446 6
9911 7
9912 1
9726 4
5341 2
2600 8
9172 7
3962 10
331 7
2978 10
6857 5
8567 9
7293 6
674 10
7252 4
8247 6
1700 9
2487 3
6294 10
5960 10
2238 3
219 8
7133 6
1581 3
4313 10
8691 6
1744 6
1125 5
9309 3
9452 5
163 7
3630 4
59 10
7743 6
9485 2
2556 3
1682 3
2888 4
8770 10
3839 5
229 10
1629 10
2333 9
5000 5
3859 6
177 6
8593 3
918091005 39
306401308 5270
791971005 8994
846867239 1660
321345284 1606
628284646 1064
614236835 4846
867586600 2453
410639808 1671
568651866 9106
792995933 1128
862149165 1641
722905992 3499
270344920 524
658945543 2164
216375449 3360
398596981 978
334430306 1850
648719266 5691
179227123 2444
880057616 3472
216574311 5027
293579458 2704
525586663 18
28971897 9123
567907365 2876
553640919 5051
529752526 3530
147856910 6361
87918331 4585
585017475 6800
295413010 6944
486747454 9701
693484079 373
361011478 9899
631427350 7628
646306165 9804
55732393 9853
499185087 4316
240911628 6382
954171853 100
152642877 484
323190368 3319
803841929 3052
889043176 9037
511719925 1232
557141829 3530
263052423 435
628475379 3534
683512366 7569
396161473 2787
114895167 3682
196544559 2054
14063334 698
733518652 2391
69380156 6706
208132224 872
471132435 6571
85744159 6828
406810477 9874
747548423 3315
326319534 381
250735033 1168
912465157 1341
144036684 1297
304853622 1509
239595080 5871
70731693 3773
745143647 8031
530305929 9283
795684800 6226
771236242 9962
592630540 9798
58130945 1615
379507203 5253
198969829 1480
527157425 5665
610157660 5997
261493523 5171
529137895 7517
172110588 6756
374727559 7581
125051389 7049
798554631 3783
558597787 4050
201344348 2645
922367733 9972
144471729 1208
244623449 4177
544321250 680
405827824 7021
217465609 1617
727726645 4674
646483893 1503
803206494 7729
307472405 1322
551578421 1268
649731837 7813
117120884 5022
310479842 2296
72866181 2349
20861020 7796
645604354 709
764521733 7424
640702586 3068
334169261 1383
479500951 7973
829196476 3692
48361701 5719
118454783 4017
341132709 4261
788093591 398
931948297 9638
776145842 1471
903165574 7634
50953578 2182
926157660 1245
942534367 7363
887484144 6864
749865537 1654
431712766 5897
388708164 5900
301833743 1798
503022968 9347
508298220 9464
219200674 679
494946578 86
452305073 9830
805971248 2754
351877796 619
169235862 6344
523335745 9959
748385664 5338
412265246 5937
65588766 443
456778520 3187
312320456 7787
803319216 2611
696469163 5859
498984808 2994
534980674 5488
131231437 31
44937078 6613
53157536 3708
92687141 7080
34536735 4869
27450292 2888
92905729 6104
106363930 4886
56936881 8230
60085722 7522
3232348 3078
45646753 357
82108746 5547
117965806 7733
77638638 9818
79992757 3417
127629793 3763
29239808 3832
7067651 2874
6655087 144
65797547 5220
18529943 8423
23503492 5702
95846750 5858
43400428 8882
52039838 8727
55190830 4791
73407043 3773
95051327 4262
71620795 3619
15710848 4338
75720265 8026
30614297 46
13100427 9963
2067276 3458
23667157 6705
24879362 281
5582097 5728
19523612 2569
30566385 4236
16578433 9826
13955699 3185
15131049 5354
22158891 4397
23710716 1134
22780335 8817
15349205 9656
2750460 8994
12111792 9450
28889296 4095
936856 8996
4393479 4772
25565914 2193
16493846 7885
25135771 3840
713385 4929
26071380 9327
3900783 104
22068070 852
18262426 472
11553506 5406
18951928 4314
21153971 4554
19321058 4000
17172109 6077
20319607 3952
24150040 3294
10424315 8946
19773082 5749
13625420 385
26742043 2174
4389138 5780
24611424 1254
135917 1491
2253760 5569
24918113 4981
5112883 2253
14608204 9297
7726784 3930
1000000000 100
999999921 78
999999899 100
999999950 49
999999951 48
999999980 19
999999957 42
999999972 27
999999974 25
999999952 47
999999913 86
999999934 65
999999938 61
999999966 33
999999960 39
999999987 12
999999982 17
999999922 77
999999979 20
999999927 72
999999924 75
999999920 79
999999935 64
999999902 97
999999946 53
999999942 57
999999964 35
999999983 16
999999947 52
999999985 14
999999932 67
999999954 45
999999916 83
999999917 82
999999977 22
999999915 84
999999959 40
999999949 50
999999953 46
999999961 38
999999918 81
999999955 44
999999970 29
999999956 43
999999901 98
999999943 56
999999907 92
999999937 62
999999975 24
999999933 66
999999903 96
999999911 88
999999926 73
999999928 71
999999994 5
999999993 6
999999981 18
999999923 76
999999971 28
999999976 23
999999910 89
999999973 26
999999939 60
999999909 90
999999905 94
999999992 7
999999941 58
999999930 69
999999978 21
999999914 85
999999929 70
999999906 93
999999944 55
999999965 34
999999958 41
999999925 74
999999898 101
999999968 31
999999997 2
999999990 9
999999919 80
999999900 99
999999936 63
999999988 11
999999962 37
999999969 30
999999963 36
999999948 51
999999904 95
999999995 4
999999984 15
999999912 87
999999908 91
999999945 54
999999996 3
999999986 13
999999989 10
999999940 59
999999991 8
999999931 68
999999967 32
944515063 36
808575238 8856
527304397 9890
609916537 7733
566451230 5595
101661514 208
65901281 6131
171303947 9136
523547060 2171
472909054 4847
455575261 9197
83871091 5095
23008131 5133
642351085 5029
526483752 3611
98052369 4662
515750640 4771
154921386 9453
323340495 104
556516433 5544
289030764 2183
296270182 82
493550926 1948
671088316 9465
100373604 3324
218381283 3671
303334170 4524
642903481 3127
49067622 5474
256501609 7844
753699955 1152
42896045 6998
710831514 2613
263593649 6970
298027732 9155
865358482 6055
91650244 876
600659916 5
363583608 3455
551808308 6729
226472563 8511
198098456 7822
35016889 9322
376288136 8
204972058 2579
336874354 9751
366575075 7012
220289474 6209
145411335 7521
165768150 8192
135886162 5540
340365576 7015
200000 1000
1534 8
1443 8
1167 2
9548 4
376 3
8828 4
7677 9
3240 2
1374 9
8575 3
7523 2
2528 3
8037 5
6107 8
201 7
4715 3
9285 7
9306 2
1725 7
9018 4
9349 3
2179 5
8006 9
956 2
4424 8
7470 5
1100 3
9759 6
488 6
7511 10
4185 2
694 9
4323 4
3480 3
3066 8
9505 2
1394 7
9648 2
1391 5
4692 9
183 10
804 5
6857 7
7465 9
5458 5
6196 2
5184 7
8708 4
5469 3
1435 3
6706 9
8818 7
8722 3
3662 4
7934 7
1931 8
5590 8
9962 6
3448 5
5276 3
8548 8
368 2
5246 3
6961 3
6023 3
5071 4
6745 6
5593 6
1496 9
5358 9
2465 6
3859 4
2139 6
8368 10
1275 3
6181 5
2846 10
8000 2
5287 9
3061 3
3382 8
9573 2
8247 3
1970 4
1974 9
9726 4
2957 7
7198 5
5541 9
2093 4
493 4
7879 3
2476 10
369 4
7660 2
242 6
3256 8
4276 5
4609 9
587 8
2287 3
5560 10
6288 2
2492 3
47 6
4413 9
3748 2
3146 9
6412 9
3769 2
5055 3
2193 10
8340 7
1221 4
5915 3
1155 3
7857 8
5603 5
6993 9
5734 5
8606 9
3505 8
6519 10
4871 3
3511 6
6398 3
9743 6
4008 10
4306 9
6209 4
255 3
5529 10
4399 7
497 6
5015 5
5338 7
1765 6
1418 3
2346 9
7500 6
2916 8
4880 7
1261 10
3404 9
9592 2
404 6
8242 10
9226 5
1277 9
4615 9
8245 8
9766 2
2615 7
8307 7
6992 9
665 7
3833 10
8666 5
5795 8
739 5
2318 8
4478 4
5307 10
6405 5
2148 5
7308 7
6767 5
4988 2
9748 6
6713 9
6949 10
1108 6
5255 2
2422 6
2296 2
812 4
6755 4
3195 7
4102 9
9940 3
2974 5
3571 10
8848 3
929 8
5530 10
2839 6
5221 2
7921 5
8962 7
8375 8
9664 6
5891 3
3312 9
6891 4
1270 2
4982 4
2035 7
7356 7
5111 6
6340 6
1900 6
2900 10
7388 6
3515 10
8019 7
99 3
9626 4
3031 8
5286 4
1833 4
8495 3
3437 10
293 4
6140 6
5909 4
4961 9
2196 6
1156 8
1344 10
1438 6
1194 5
4798 8
9192 10
7450 4
9562 5
6762 9
8401 7
3860 3
5035 6
5835 8
8210 8
1249 2
2881 9
6933 6
3619 6
3439 10
605 9
8787 4
2323 9
2136 9
1921 9
8191 10
6463 10
846 4
6905 7
6243 9
8675 10
185 3
8746 9
3202 8
5619 10
389 8
2187 5
2031 4
6429 5
4494 10
1871 8
6777 8
1030 10
6318 7
2794 10
1998 4
4525 5
123 2
942 9
3573 8
250 6
8348 2
8251 2
7586 7
616 7
2739 6
5058 5
5366 7
4315 3
5599 5
8204 8
6974 9
3231 7
8628 10
6509 2
8379 6
5146 8
9314 10
8649 6
3319 3
4365 5
6124 10
6835 10
7930 10
5356 9
5067 4
4966 9
3344 5
4496 10
472 2
378 4
2120 5
2211 10
3711 10
1276 5
7460 10
3462 5
577 2
2981 4
3323 2
1129 8
8490 6
621 4
651 5
2348 9
8781 8
4595 3
1710 10
871 7
8410 7
2697 3
3399 9
2154 9
1671 10
9452 7
6644 2
8473 2
9926 3
6742 9
1735 3
193 9
5374 10
8615 5
6922 7
2729 7
7397 2
3913 7
364 10
5642 6
2160 10
5247 2
4891 4
2536 5
9112 5
3444 10
3335 2
7491 8
5694 7
1002 9
7669 5
3079 2
9988 4
3925 2
2312 8
3567 8
7190 10
7221 8
9761 8
9127 2
9320 8
6058 6
1254 5
318 6
980 8
3660 3
4253 6
3896 8
9331 4
9351 2
1000 7
4214 6
265 4
3555 4
3994 3
993 10
8299 10
7146 8
4114 5
3852 2
2383 3
9600 9
4691 6
9176 4
244 8
1412 9
6247 9
586 5
9050 7
9691 2
4235 10
1187 2
4877 4
830 3
112 5
7882 9
5371 8
7697 8
8053 5
7017 4
3688 10
932 5
4 8
7809 8
1568 6
1636 10
4089 7
2085 4
7758 7
6953 4
6640 9
8817 5
5317 8
6454 8
5826 3
3750 7
7707 8
9025 6
5962 2
3343 10
4527 10
1655 7
8864 3
1996 4
8799 7
1207 7
7738 6
8197 9
7572 8
9136 4
4004 3
1403 9
5988 10
8747 4
9427 8
3671 8
2810 3
6411 5
2940 9
5123 6
8871 9
1541 2
513 8
9395 2
66 6
5302 7
9483 4
4262 3
5994 6
8901 5
810 8
2089 9
1264 5
1712 3
5118 2
3717 9
4603 3
7082 2
4462 4
9098 6
6342 5
9961 4
4377 6
8711 5
8601 3
4962 6
296 5
8885 5
7989 5
3526 2
4646 3
300 2
8479 5
5416 4
8907 6
4129 10
5090 5
3908 2
7789 2
6915 5
8793 7
3967 5
9980 8
2875 5
6587 4
1859 2
8535 7
3276 5
9885 7
7038 5
3169 7
32 2
2893 2
968 6
2584 7
3792 2
6620 10
2735 9
5922 7
7432 6
6363 3
2115 8
5970 9
1853 2
8499 10
1203 4
3041 10
5261 10
7530 10
2927 6
1358 4
7712 10
4091 10
7203 10
5029 5
8077 3
4053 2
9254 5
7805 2
5589 2
7425 8
2340 3
2084 9
8635 10
2278 10
3843 3
6348 6
7240 4
5134 3
6497 10
7034 6
2416 8
1997 2
4815 8
8816 6
2042 4
3960 2
443 6
8505 2
6230 6
294 7
9947 4
4816 10
8014 9
5844 7
5653 7
6648 3
9929 2
2911 2
9861 2
647 7
9262 9
8318 6
204 10
3594 4
6114 10
3118 4
1337 4
9399 10
2899 5
228 3
4933 6
8673 8
9488 6
3587 6
7371 2
3568 7
5488 2
4537 10
3755 4
8756 3
918 8
9174 7
8439 5
1899 4
588 3
8963 3
2517 3
6504 2
3203 10
8783 5
6864 2
7925 6
337 4
120 2
8217 2
4169 7
8893 6
1297 7
9140 4
6653 3
5228 6
5216 7
6330 9
5432 6
9049 6
6908 3
4768 5
7986 6
9166 8
4227 8
6353 6
4301 6
9337 4
2216 4
8113 5
6763 4
7386 3
4172 8
5437 9
890 10
6220 10
2349 3
2047 7
1987 3
2368 9
7032 10
4514 5
3931 2
1390 8
4051 2
1973 7
5884 6
7105 3
5421 10
5091 7
1658 6
1017 9
8480 5
8276 6
7535 2
1915 7
5613 8
141 7
4612 4
7027 6
9235 10
3097 5
3645 7
7838 9
6051 7
6292 4
6979 6
4755 10
1922 7
7267 7
9489 10
9437 6
4693 10
3151 6
8981 2
2811 9
3451 9
8218 4
6870 8
355 3
460 4
9190 3
8004 6
5739 10
671 10
7667 7
1218 8
3649 3
7410 6
6347 2
4032 6
5325 3
5481 4
2569 5
880 5
2162 4
3004 10
870 7
6861 5
6863 10
8300 8
9749 6
4996 6
2503 7
1685 10
4598 2
7881 8
8879 2
2166 7
9362 9
4198 5
9852 8
444 9
2738 9
7298 7
9712 5
9083 8
8967 7
351 9
5357 9
2793 3
1089 4
5960 6
1198 7
7320 10
8583 8
7069 4
7030 7
6097 4
4127 9
8526 2
4753 9
3400 2
4042 10
7173 4
2399 9
5498 6
2409 10
6609 2
4971 7
6160 2
5000 5
5912 10
7646 3
6232 7
4970 5
1152 10
2675 7
4938 3
5061 7
6855 4
4910 7
1043 10
5003 2
1653 9
6633 2
6257 3
5473 5
5220 10
8765 6
4388 6
5328 7
2127 8
4438 8
4679 10
8072 9
6462 2
9343 5
6175 2
1223 9
490 3
2958 6
9209 8
3917 9
3743 5
7469 6
2350 4
6823 4
2322 3
4059 10
9635 10
4518 10
3106 7
1930 3
8027 8
1628 6
8400 9
920 2
5985 2
4654 2
5720 6
6700 5
7651 6
6067 6
7737 8
6149 7
2806 5
646 6
834 8
3704 8
7780 4
5178 5
8168 8
2429 10
892 10
6284 8
9769 10
312 8
2856 9
7293 3
5825 2
967 9
3329 7
516 9
6872 9
7665 6
2710 10
8902 4
3263 3
8772 3
6111 9
5999 6
3317 9
162 5
6246 5
6265 7
6844 2
5136 6
4429 10
6073 8
7787 9
2926 8
9943 10
5240 3
5039 8
8132 2
1828 4
1177 9
1982 9
348 5
1848 2
4528 4
4560 2
1083 2
7282 5
8663 10
8762 8
583 3
5843 7
5377 10
3313 4
9762 7
88 8
4248 8
3359 3
982 10
3965 2
1535 3
442 9
7558 2
9911 9
320 2
3302 4
1313 5
600 3
5411 5
163 7
1650 8
2934 9
3944 5
9487 3
8235 2
7922 4
5235 5
1369 5
3092 4
5315 8
148 4
3610 4
2448 5
7368 6
1600 5
2452 5
2878 6
4412 4
1037 3
5282 4
6825 8
9862 7
5304 9
3358 3
8718 4
3986 8
9469 3
901 7
9055 6
243 9
8504 4
5747 6
8136 5
2484 3
1784 5
2113 6
9989 1
2282 7
2321 5
2838 5
5607 2
3611 3
3184 10
3739 5
7112 7
7820 2
3110 10
7330 6
8646 9
4184 3
7759 8
2850 2
764 5
354 7
7937 9
8131 3
8281 10
6631 10
3259 6
6520 8
4535 6
4681 3
6728 3
9778 4
4824 10
1471 4
9630 8
5631 8
7849 9
2315 9
4035 7
2606 9
9603 6
9435 3
4109 9
9053 4
3119 10
5758 5
8160 7
6096 4
9578 2
9336 2
4583 7
6943 8
3135 8
6055 4
2791 10
5420 7
1810 6
414 7
670 2
4379 10
7042 3
841 5
3716 6
541 8
9064 9
8534 2
1259 9
1582 6
7559 5
3142 7
4252 8
7104 2
5206 10
6935 5
5192 4
5299 2
1113 9
2352 2
897 9
2917 9
1142 3
2122 6
9552 2
6780 4
6291 2
7978 6
1081 8
1985 9
9742 8
5455 10
3979 2
8083 5
170 3
2552 5
3334 3
4697 9
7200 8
6285 3
4575 8
7725 3
6417 7
7562 7
9480 9
8545 2
9496 10
5109 8
1034 3
5279 10
7321 6
7743 2
1594 6
2948 7
6337 7
6075 6
2096 10
3000 7
2450 2
6222 6
7324 10
1544 5
609 4
7184 5
9542 2
9199 3
8768 3
3772 2
466 9
4606 2
6898 7
2654 5
200000 100
1505 8
7677 3
8044 6
8632 8
3350 2
4547 3
2628 4
4938 4
4874 4
685 4
7438 10
3565 10
1843 10
2423 10
4468 8
4645 2
6535 9
5486 3
5769 5
4054 10
4007 2
6460 3
6629 7
8389 8
1411 6
7981 10
6540 6
2582 9
7786 10
9372 10
6056 7
8466 7
5519 2
4951 5
116 3
8559 10
9044 10
39 6
8798 6
5000 10
6143 9
8589 5
6532 9
9462 8
8468 2
7595 6
5842 4
9322 2
376 2
6956 7
3883 10
6327 2
9761 8
6959 8
6053 3
2934 3
660 5
8266 5
1186 5
3675 2
6233 10
6362 3
3345 9
768 6
3815 10
6788 8
6838 5
5074 4
541 6
3143 6
4424 4
9367 8
2286 4
2897 5
4924 10
5422 7
2178 8
7750 5
6422 7
9762 1
7309 5
9744 2
3397 10
8073 8
8382 10
3800 3
4299 5
5150 2
1083 5
3028 5
3436 5
3325 6
9357 6
1927 3
9135 6
8386 5
859 3
8134 2
7937 5
6733 6
200000 100
8406 8
5950 9
3910 7
325 9
6793 10
5343 2
9301 9
3806 8
6633 9
3651 9
4479 10
5468 2
8032 6
9490 4
7582 6
1306 9
8168 4
919 6
3737 4
6406 5
6706 9
3127 2
5481 5
2834 4
7936 5
8791 7
9214 9
651 9
3944 6
5936 4
3891 2
2084 2
6917 7
4197 10
6666 9
7064 2
7258 8
9244 4
594 6
9092 3
5000 5
2002 2
7643 6
9474 8
6877 8
1747 6
7603 2
4216 8
1733 4
682 3
2417 2
9289 7
6125 4
8520 3
2274 4
1480 10
4089 3
287 7
9186 7
7323 7
6086 7
5328 7
5288 10
429 9
7724 7
838 3
6314 3
9995 2
1272 7
5028 2
4702 8
4595 7
9806 5
7605 8
9073 5
9996 1
6371 2
8104 6
3277 6
2180 5
9041 10
6876 10
9191 4
2235 10
1055 9
7894 4
1022 7
4784 6
6773 5
984 2
2814 3
3549 6
2899 5
7569 8
4825 2
7575 4
1418 6
2827 2
9618 8
5714 3
930670516 88
592742667 2558
24326307 9597
387268346 4025
722816833 4607
488983735 1319
888754847 4063
119727632 2026
491851036 7334
83280144 1177
731648777 2079
251800955 6007
183101682 8370
92414319 3512
44785600 4398
658760837 6722
370897112 6087
903607977 9657
163314645 1622
344556953 4164
46417206 9525
221193597 1881
175041682 6046
629520986 3439
184843328 6881
528878394 5685
706676986 8397
587685246 8284
853333537 2024
133714225 5902
485044552 5499
404941566 6963
87148562 9537
927294799 7330
389850123 4626
635862404 6525
461995318 631
396923199 7694
276610731 3612
25096839 3589
291358287 6200
628807910 7589
171222438 1296
541574749 1325
893947470 4524
626320917 9768
250284805 8920
681118488 7249
890009085 1427
449288256 3573
185948543 337
775700128 1608
359082831 6662
559103956 2738
4524280 2618
473694259 3194
533983900 9358
316673394 9046
762935364 2342
220880437 5366
822104390 1795
8895439 4556
824615811 4693
283769656 4759
635780241 4596
378581662 1669
854254819 1903
689408064 6448
924868239 6406
131859941 5263
272464036 8848
627578104 3819
841716062 3528
82949402 298
132001630 5543
104994104 8098
46838746 8008
694468812 2933
469220482 8649
742060004 4527
297322778 9036
530027687 8125
766667043 2335
514412335 6350
480863993 5753
626864 732
648424442 456
133162639 1428
703409587 9924
556382740 40
353404279 4844
353486499 2810
470546104 7847
428366263 2995
475633138 8603
177741109 2783
128816817 7138
525275879 6536
415627204 9321
537031743 5319
18869622 8455
220523645 4063
213969934 897
390760615 5139
552399973 8719
440287473 9206
56012188 9272
205240828 1051
540100129 5004
127138200 6168
470633970 6769
331517708 7909
177795756 942
340428075 8036
136554763 1493
272392073 8178
502492292 4619
43612834 1497
107052405 4837
101885115 6711
310816343 3254
354710993 8381
105385230 1548
293849559 4205
139441107 5532
465294281 3793
352170059 1163
320514421 9461
242988202 2149
220388526 9543
1000000000 100
999999983 17
999999992 8
999999945 55
999999988 12
999999916 84
999999996 4
999999946 54
999999928 72
999999918 82
999999969 31
999999970 30
999999949 51
999999922 78
999999940 60
999999900 100
999999899 101
999999971 29
999999935 65
999999941 59
999999987 13
999999953 47
999999915 85
999999931 69
999999976 24
999999991 9
999999963 37
999999966 34
999999972 28
999999934 66
999999902 98
999999980 20
999999914 86
999999932 68
999999926 74
999999977 23
999999924 76
999999919 81
999999923 77
999999968 32
999999964 36
999999904 96
999999978 22
999999909 91
999999961 39
999999948 52
999999985 15
999999951 49
999999954 46
999999986 14
999999981 19
999999944 56
999999998 2
999999912 88
999999906 94
999999979 21
999999965 35
999999930 70
999999921 79
999999937 63
999999952 48
999999933 67
999999974 26
999999920 80
999999947 53
999999901 99
999999975 25
999999950 50
999999995 5
999999989 11
999999958 42
999999927 73
999999973 27
999999943 57
999999907 93
999999982 18
999999984 16
999999962 38
999999911 89
999999993 7
999999929 71
999999908 92
999999997 3
999999913 87
999999960 40
999999938 62
999999957 43
999999955 45
999999942 58
999999903 97
999999905 95
999999910 90
999999925 75
999999959 41
999999994 6
999999967 33
999999917 83
999999990 10
999999956 44
999999936 64
999999939 61
908097019 1
304216031 5051
195687253 30
119888412 5752
127174480 333
58904614 4764
37789300 4914
114289176 9721
179407309 9238
138665115 9747
5586642 2118
168242130 2612
139790039 2533
7915180 3877
124789060 5669
145086983 5366
16063584 8789
7609396 2585
21560274 5090
169618926 4228
120460423 1849
79124982 8875
46462482 3258
130117184 9322
121146990 8153
175329288 571
53461278 1514
121797696 3724
168547238 9824
106003510 488
18371398 1363
138491740 4046
7996990 7564
1000000000 100
971000000 10000
919000000 10000
965000000 10000
951000000 10000
962000000 10000
926000000 10000
908000000 10000
916000000 10000
903000000 10000
986000000 10000
994000000 10000
942000000 10000
924000000 10000
934000000 10000
905000000 10000
914000000 10000
954000000 10000
948000000 10000
967000000 10000
943000000 10000
956000000 10000
955000000 10000
970000000 10000
936000000 10000
937000000 10000
990000000 10000
960000000 10000
939000000 10000
938000000 10000
957000000 10000
982000000 10000
992000000 10000
980000000 10000
927000000 10000
961000000 10000
945000000 10000
985000000 10000
999000000 10000
909000000 10000
904000000 10000
947000000 10000
991000000 10000
946000000 10000
973000000 10000
964000000 10000
972000000 10000
930000000 10000
929000000 10000
944000000 10000
935000000 10000
959000000 10000
928000000 10000
902000000 10000
997000000 10000
950000000 10000
976000000 10000
941000000 10000
989000000 10000
917000000 10000
984000000 10000
996000000 10000
918000000 10000
975000000 10000
913000000 10000
963000000 10000
923000000 10000
901000000 10000
953000000 10000
952000000 10000
933000000 10000
920000000 10000
915000000 10000
978000000 10000
900000000 10000
925000000 10000
987000000 10000
940000000 10000
910000000 10000
983000000 10000
912000000 10000
998000000 10000
907000000 10000
922000000 10000
974000000 10000
969000000 10000
966000000 10000
981000000 10000
979000000 10000
931000000 10000
988000000 10000
949000000 10000
921000000 10000
906000000 10000
932000000 10000
911000000 10000
958000000 10000
977000000 10000
993000000 10000
995000000 10000
968000000 10000
1000000000 1
999999999 10000
661363758 100
155381062 9573
131218038 3549
660665289 7891
40466460 9469
169810892 2776
205475004 8933
618157984 8562
500116942 7835
185390745 2978
443107834 347
204704755 5211
576867923 2375
134102220 7860
184875121 4955
271210802 3324
373497592 251
195888696 8230
273801576 252
658293591 606
326314120 3243
226520583 6605
11533891 5306
559009794 1738
463008443 7739
551130574 3402
595707560 7170
14742653 9118
90956856 729
403981186 3106
521715449 9467
551210806 3079
388586815 1859
338979483 6134
128283730 4924
632080025 4532
326559710 4109
331097711 2651
201646339 5
564113271 8474
519056484 2402
80397351 3799
330140425 3547
474495272 2462
621709854 8839
540206482 2236
513759154 6447
177846946 9011
452978043 4633
104950689 8736
491758704 3255
65297299 2761
158920000 5882
624094927 1127
546466381 7922
319061529 348
135245880 6518
507476947 5985
397668090 5983
92586406 7485
388187348 3941
328901663 4683
309720505 667
49538837 9623
380815251 2697
495011382 9775
413024000 299
318897817 7264
369651214 4111
194641414 3529
514597760 8094
482351451 2149
83627037 9973
487237515 5798
565099631 3100
129653993 7790
549963056 6422
653702977 5487
227498002 9475
245615721 2272
267541408 2976
626047100 5572
334992541 1819
233266605 2317
238935720 8311
158413914 411
360706455 9004
148737375 8449
269304480 7597
588526100 5609
315274001 273
218819589 1168
397735927 6708
99537709 884
46240854 8073
181461468 7871
77296714 6269
81016629 725
236793148 1040
94139186 1745
629864341 5120
97554709 31
36878548 4781
52938027 2710
5029811 5710
48643318 5784
22714508 7149
45853256 3868
90027610 2714
6133812 6103
72994477 4787
56480848 8093
2921878 1173
11842381 7813
52525550 8458
20770191 5542
22171670 4829
56124450 9119
87936602 5072
19768004 2362
25388108 3604
61018838 3518
77613468 1537
12590021 3669
90613782 4981
60797925 4569
58538379 2730
73710423 9750
4205083 5457
40850340 1646
49542699 5215
18305193 2440
71323071 6740
457540238 13
157809678 6952
324592102 3038
26996243 6284
261287037 3932
99359020 9441
1704940 3220
6095293 6795
317548227 1454
235585406 9511
11325296 2931
184799113 3705
354656347 614
377997772 7759
103139245 55
63671979 4675
63066574 7695
91962990 8055
93816665 3207
46833688 8411
48147318 6222
60954983 9840
40405586 4771
95598546 276
35900341 6719
69491842 5925
23141057 9732
62552835 4524
33934190 2067
47766633 1859
81394968 8639
86879029 471
75708876 8290
74435654 7248
74570650 6409
84910068 9140
76355004 9548
6250976 7222
40386814 3818
65942250 2285
33982933 4226
14701579 7603
43393341 5052
47061751 6474
31163451 3821
100184798 4678
93308214 9283
6648627 9201
70087800 182
1601759 5810
37513967 2158
89160228 3024
10164549 7147
45875015 7223
9481204 8220
88655884 1562
31380621 837
14812360 6963
63187275 5781
34199709 8169
91590586 1248
53212125 9415
51550640 9508
54101304 9627
76261385 8201
62215268 3852
77671034 4406
49727601 4436
74339268 5264
73798043 4869
161855659 17
55903246 9144
20514774 9329
71190306 4618
95589189 682
104145986 3616
86328086 5824
97479664 277
130580875 4806
159677041 1749
30735207 7557
159341243 509
138507602 4539
78412433 4343
69494883 6856
159592592 2298
131114918 4290
126660440 5871
101771810 1
24106515 8799
200000 100
1873 3
1988 2
5451 5
2368 6
5148 8
8658 5
3430 2
7902 9
80 5
6382 5
4764 5
313 2
2213 8
9821 4
2373 6
439 7
4274 5
306 2
5173 2
9292 6
2069 4
2411 10
5662 4
3952 3
4811 9
3150 3
2785 2
7393 9
3025 8
6014 4
5143 8
8479 3
9585 5
5000 10
9774 4
9191 8
3922 3
1510 7
1286 3
839 7
8665 8
3261 10
6911 10
7226 5
9398 5
928 10
5462 4
2285 8
2480 3
3840 8
1682 5
2650 7
9367 8
7705 3
5342 10
1451 10
8277 3
210 9
157 10
5602 8
2247 4
4593 2
1555 4
1228 5
4116 6
3881 6
3481 5
6673 2
9111 7
1632 10
9501 9
4948 3
1533 3
3787 2
8052 7
3476 5
4110 9
2398 2
7757 2
4401 4
7931 10
2188 9
6759 9
7313 7
2248 4
9822 1
4685 5
9150 6
8365 4
9122 3
1363 6
8878 10
5986 3
8377 9
1928 10
8832 9
6805 3
2832 7
6274 9
8022 9
67859978 29
50604775 6530
66167168 919
19706726 3817
16820266 5226
19979508 7967
67458222 2871
14063537 7098
64111250 6546
4495565 4528
28128137 5892
13553728 6177
29489189 1790
13908022 5579
4435769 1452
15080441 1765
66050500 1462
63010004 9291
14479628 7397
26037934 1212
24744926 5873
64485067 1298
43297546 3700
56763412 5726
64768072 3488
29222746 7531
62331283 5137
10545055 643
41235570 1374
38835106 7995
1000000000 100
920000000 1
923000000 1
963000000 1
936000000 1
971000000 1
917000000 1
944000000 1
900000000 1
976000000 1
967000000 1
968000000 1
922000000 1
996000000 1
954000000 1
925000000 1
958000000 1
985000000 1
910000000 1
992000000 1
941000000 1
977000000 1
994000000 1
964000000 1
935000000 1
949000000 1
982000000 1
911000000 1
927000000 1
980000000 1
933000000 1
966000000 1
931000000 1
989000000 1
981000000 1
975000000 1
983000000 1
930000000 1
969000000 1
984000000 1
946000000 1
913000000 1
915000000 1
973000000 1
916000000 1
928000000 1
962000000 1
905000000 1
972000000 1
934000000 1
909000000 1
908000000 1
937000000 1
939000000 1
979000000 1
998000000 1
978000000 1
945000000 1
948000000 1
902000000 1
993000000 1
956000000 1
974000000 1
995000000 1
932000000 1
942000000 1
951000000 1
991000000 1
904000000 1
999000000 1
965000000 1
957000000 1
907000000 1
918000000 1
929000000 1
997000000 1
906000000 1
903000000 1
952000000 1
986000000 1
921000000 1
987000000 1
990000000 1
914000000 1
943000000 1
953000000 1
988000000 1
960000000 1
901000000 1
959000000 1
955000000 1
947000000 1
940000000 1
938000000 1
926000000 1
919000000 1
924000000 1
950000000 1
970000000 1
912000000 1
961000000 1
200000 100
966 2
4967 7
7428 10
1467 10
8659 8
1774 5
2020 2
4733 2
2322 7
4162 4
8427 10
4892 4
4938 3
3528 9
9174 5
8856 4
158 9
8435 9
4274 3
8181 2
4729 10
3649 3
6794 7
3195 10
5323 7
5874 7
7246 4
3678 10
9590 3
915 6
5207 9
7930 6
5000 10
5705 2
2557 10
3093 9
7403 7
4815 3
6633 10
9207 10
7832 2
1129 6
4701 6
8237 4
8056 9
3453 5
1898 2
6988 9
1793 3
9003 8
3697 2
398 9
3914 8
9142 6
6044 6
476 5
1977 6
9773 1
5753 7
2979 3
6498 8
3259 3
3433 7
8449 9
6124 3
4261 9
8989 7
9423 10
4290 10
9772 9
4455 9
2094 8
17 10
5465 3
5972 5
4231 4
2066 8
430 2
2630 2
8064 4
3642 7
6530 9
4873 6
4543 4
1830 4
5755 5
7763 10
202 9
6305 2
4197 6
3852 4
5277 5
720 2
8083 6
6604 9
9340 10
1263 5
8615 8
4440 6
2740 4
120449216 8
50428341 9148
7270785 3427
38506276 7047
40192255 1986
10913305 9654
26971202 7269
117709819 670
20671415 1828
248227421 5
109649952 6063
189118797 2539
228077189 723
148323118 7937
172032506 5114
960567099 44
693339413 3444
762979107 9194
519872457 3293
216415768 6486
399066061 9394
702971835 8258
715487703 7279
370712242 8206
896379928 2412
380874456 2296
957392267 477
364191791 5377
724632923 8180
424675876 6667
420608287 9348
306814091 688
841220540 7076
121679639 495
302824174 6287
179851147 441
178578717 3903
479742033 6993
188103021 9263
140494285 7451
875489400 1542
355834265 4348
875879528 6214
593980415 3887
246549885 7708
147609306 1738
893021895 4820
781572843 1959
555063555 8703
370889930 7484
315577787 9685
823315861 3492
439467913 3043
437505285 6319
171322314 6858
945049799 6325
193605422 3946
888321442 1746
519373433 8700
912189420 3804
459614095 2
143617637 6504
405211949 6719
852011985 18
417180016 4100
193345226 5114
277525472 3875
76742079 2500
317839668 9987
125569250 4572
409491069 8858
102905782 58
468825443 208
841158010 3347
454714579 3536
834746831 2259
450493264 3986
313482438 9871
324516656 8312
446232560 641
610575662 9444
59277304 4603
24073082 90
979798 3695
703936 86
684991 2914
18762075 6510
7796802 1841
5202934 2268
9226591 7184
15042060 3971
20818898 7030
12343974 7153
20245044 9239
6562016 2497
6610323 400
381487 3817
10089685 2143
7006148 9871
13970913 3691
12472269 17
6577175 7348
20842077 4228
23292383 2576
16601606 2011
12765521 787
3750300 5985
10871517 7804
10443971 6214
4281370 6384
13492430 2975
19457309 8519
20436642 6319
10443438 1106
12999141 2535
17737458 6336
15797067 9020
15709473 3023
13420516 5612
382397 967
19570800 4092
12472805 5838
16530763 2692
3754125 2409
2523310 898
6298053 4645
2431456 1006
9168348 2613
22686948 2336
20695069 9614
23249664 5691
1624197 2166
20964642 545
9133566 6580
5228126 5585
666756 8271
9452206 774
11181013 9901
14160912 7395
6137732 2704
16185027 2606
868016 3593
645956 2002
18721291 1520
12579369 3467
19834172 4141
21514137 7531
16678399 8844
11200989 4377
1039579 5122
13780799 6751
17150782 9755
13039925 5259
22953159 2653
18428445 1420
2263123 5274
204724 2926
8918903 2993
10424572 4326
6742226 2203
23724279 255
19377680 1782
22138298 7222
21830377 6510
4204732 2951
14268013 3170
23950307 1924
13913458 817
5806508 2353
19300672 2840
22305921 1696
14542924 5996
2009374 5410
791352418 59
238517947 8956
474931095 3101
553001506 5044
747915555 2853
682683781 5977
619730371 5993
232248435 314
74945093 6540
549032914 8247
93328268 5919
680614204 5769
154919063 4633
352104429 9042
159098356 4791
85357359 487
427019788 7089
784857964 6731
572287090 6624
95288253 5908
419000730 2200
755698045 5885
757286885 4343
337839899 3267
84823038 368
378558402 8925
512880900 1842
395633883 602
66398189 3111
400767837 490
150852444 7148
567958289 6220
252801770 6538
674332086 6421
515327920 5475
703333693 6511
640708215 7958
625426035 4527
281906030 6519
304566020 9603
450365456 4735
713986996 921
581035020 6811
262834187 1428
435765866 9658
35922844 7697
109497948 1282
372904069 4551
550919746 8663
18956788 6960
421742434 8505
787971118 5326
475748674 3069
83690831 2157
227436852 4489
443640134 9692
327522922 5985
108948043 8035
561289371 1494
757961281 8986
244649533 21
136519192 4615
104321616 6060
238293061 2623
181296476 4671
231461419 3149
16050684 6343
42415201 877
35496906 8103
195657302 7838
213676327 4340
145607982 5421
199668687 5564
42044318 248
62654252 6850
212602176 4406
7700974 7777
156973787 2153
92959830 4483
192376515 5761
201742979 9265
117547787 9455
733340456 1
714987112 3627
200000 100
2566 9
8285 2
1110 8
1877 8
1258 8
1816 2
9312 3
3523 3
3022 3
3008 6
5000 4
567 8
1908 8
2829 8
5672 2
3769 4
8 7
2368 7
6121 10
4225 7
115 5
3502 6
7917 5
9954 1
8237 8
4121 8
6617 10
6518 4
8509 7
6565 5
2152 2
2484 9
9059 8
4429 7
769 2
8526 7
1132 9
3179 3
5421 7
314 4
2453 8
9120 6
2696 10
66 7
4522 9
3324 4
3396 5
3258 2
3231 10
3942 5
9774 4
1398 10
7659 8
1414 7
1637 4
6549 10
8052 8
1903 8
9020 10
1320 4
1409 5
3453 10
1450 9
2336 2
4939 6
2394 2
3762 7
3417 10
777 3
6267 8
8459 8
6887 3
3947 4
1946 4
1101 4
7573 3
9336 3
5065 2
4857 7
4221 9
2950 3
3359 4
2235 10
9189 5
5540 10
9687 6
3474 4
5911 10
5169 6
2817 3
8814 8
4938 7
9953 9
2694 8
7704 6
1613 2
6606 4
7390 5
1941 7
5909 3
117814575 3
79394565 7841
63657059 635
37918869 6481
653675717 53
323163683 2581
469372598 8033
348490371 2725
240918366 8927
384673716 6218
335647222 2440
221970813 6226
97764020 8561
397211351 5744
262012803 4591
315739555 128
259497598 6749
401978913 7965
296409135 5471
75148354 3115
399269185 6395
40081038 5397
352494800 7959
558875127 2345
213527265 7297
171052638 1115
256367546 6777
558339483 8020
125158148 3609
162571245 8000
3671459 3481
76151831 4922
216222988 765
645649110 6787
393153039 8937
539586642 8055
573753699 3670
393181106 9903
138055015 203
217632879 2574
104588713 6399
360058078 5891
504883119 1476
140431021 1425
141108974 5136
76068281 154
243652435 5369
400505049 7955
256429536 5206
270520844 8407
183740239 2353
216523114 1092
189565443 1350
307745167 9031
24413322 4512
441442645 9124
77766989 5152
411784391 5384
344680010 60
124639752 2858
257825152 7037
187683340 2220
211555505 5329
129539474 4622
223756627 7250
299120696 7386
126381634 7223
88123955 5040
205010924 7013
168077823 2697
15252897 7521
202502736 5899
90013979 9014
291386390 8314
323850670 6267
308369917 9752
305201062 206
90027634 8777
268500490 2447
306905758 8395
222809478 3410
276783789 7521
181087272 8192
264364593 3805
130846302 826
250989665 4047
237523491 6677
325305357 1483
186970347 4889
163812944 2382
189287231 5127
200869321 8651
234791965 355
90091597 884
36716507 3650
82217856 5211
71185162 8477
8828992 6483
211611848 4525
60777263 7262
172825748 1980
188985597 5883
301641445 3491
38671309 655
299840310 9302
329499117 6833
30627960 8452
229619818 1518
300056072 4703
249902020 7379
324060115 3346
22680832 3762
12541169 3976
333584875 6894
95867844 7725
217506594 2527
160483016 7676
137895599 8171
183187347 5679
460897287 25
268150270 8986
12158708 6360
191553079 8155
287426505 398
55517591 6619
109880924 3321
7793593 8923
209844860 4552
130229174 7701
388744624 3301
376707421 5808
454955545 2197
439324703 6043
294331513 3290
234340674 8757
286431811 1587
96377318 4941
259206923 1659
307045646 1231
242484608 5315
71937815 2355
225035093 8851
439997685 3059
156320721 7781
450196536 1597
200000 100
8849 9
2878 3
7905 6
5847 7
4367 9
517 4
9635 4
5417 8
7049 8
8964 7
8147 4
2563 10
7897 2
1298 9
4498 8
9548 2
5000 5
5193 9
3969 6
7862 7
1803 6
9005 3
1700 5
4883 5
5437 5
6086 10
6744 2
3854 3
2820 7
513 10
7092 2
2917 5
491 2
5175 4
4026 3
6563 8
9660 6
3686 3
8282 5
3901 7
9699 8
6612 3
7804 5
2170 10
7182 10
4739 8
7002 2
1163 3
3459 8
8302 4
231 9
2646 8
9700 1
3239 3
8631 2
6428 7
5340 4
1754 8
6071 8
2972 4
2531 10
6220 2
7922 3
4779 3
6304 3
2048 6
8913 6
2190 3
2497 4
3764 8
6556 3
2090 4
1811 10
5214 4
8249 2
6617 10
3920 9
893 8
5420 7
8907 9
4099 5
2610 8
2803 10
2237 6
6398 2
8292 3
1157 10
5817 5
4005 6
4068 10
6248 3
8690 10
772 10
7867 8
2942 9
1907 2
125 2
2864 5
9410 3
1924 3
760299201 29
64724397 186
498626349 271
531161460 7056
57486875 3195
100371233 4378
154891912 5099
300772673 7461
418589048 3177
549022147 4664
38756521 860
271752587 997
348920751 1894
9351198 3925
48305087 3120
389546184 1267
724404069 1294
679714299 8639
187537189 1555
238430110 7278
685087587 4953
296926005 41
273130066 1817
423839435 5523
746075788 1377
687681855 6039
207483916 1517
576797575 5092
117795390 2549
419135225 1469
200000 100
5296 2
558 8
9805 1
3145 10
327 2
5959 3
3052 9
5714 8
3400 5
5318 10
2297 2
6835 4
8087 4
6823 7
3085 7
435 4
4777 5
2402 9
4102 3
9568 9
3755 5
6172 9
1074 9
9804 9
2119 6
6319 4
781 3
2906 3
4658 4
8041 8
3342 9
2685 9
1493 4
6194 7
911 2
9071 4
4026 5
614 3
9569 8
745 10
2489 2
7330 5
5678 5
4496 8
8373 8
9306 6
216 5
1155 8
1278 8
505 10
6286 3
7850 8
5790 8
4307 10
3598 3
2641 2
1832 8
339 2
8302 7
7797 10
6232 3
3013 10
1926 5
8662 9
8884 5
8001 9
9769 9
2741 3
4469 10
5056 9
1396 10
1761 3
5676 6
7107 10
2937 6
374 5
8765 6
5000 4
7456 10
2862 6
3271 2
3633 3
9129 3
4666 9
4336 10
5872 6
5085 5
5146 6
9308 5
8969 7
1263 3
1102 5
9519 6
4548 7
2083 4
8483 9
1963 2
1001 6
407 9
6408 3
1000000000 1
1 1
31730918 6
30594422 9617
19502653 7224
9678989 4411
2030753 1447
29150637 6154
29536436 4102
478979942 51
444868196 5823
308192768 6072
128595451 5437
80134170 6335
265548577 8164
424378935 9541
128023669 4313
102357365 9555
58998014 5064
84447550 7633
106010834 1124
440519536 7708
456074229 6848
41409998 1100
111178827 9484
28271358 6030
347416027 8946
64628846 9169
402037440 8587
64346681 6226
128498384 4
369770098 4280
106773603 1049
142898731 4729
311660571 4515
412045997 1068
425821476 8655
56643859 6483
430101156 8791
465415282 4867
253194288 6661
444570875 6043
137649205 2718
101590534 2460
266718827 2531
119270354 9932
192928852 4987
423563538 5889
83483564 8290
135671361 6835
206066841 4100
322572974 2928
146557086 3548
122400895 7755
295679825 3263
335641061 476
243969288 4435
134865474 6788
290448440 331
292800807 8798
470936935 3124
1000000000 1
999999999 1
489240760 18
348180475 4594
235336419 3803
22940564 6990
115044646 4893
449565638 31
237285198 2914
270446940 3190
111704971 7473
35849815 874
226006784 4044
265938713 3535
343311048 7566
287454839 9916
18928941 8103
421009009 975
455555475 9966
324763534 6345
151022400 9337
1000000000 100
54 48
36 66
24 78
33 69
17 85
38 64
63 39
67 35
95 7
53 49
30 72
52 50
29 73
39 63
31 71
15 87
73 29
1 101
10 92
35 67
13 89
96 6
80 22
27 75
47 55
19 83
3 99
28 74
71 31
86 16
68 34
34 68
72 30
20 82
55 47
62 40
77 25
91 11
81 21
94 8
21 81
66 36
23 79
41 61
11 91
51 51
93 9
82 20
64 38
16 86
100 2
85 17
79 23
8 94
32 70
88 14
2 100
44 58
5 97
56 46
69 33
48 54
76 26
59 43
57 45
22 80
74 28
4 98
42 60
49 53
37 65
92 10
97 5
45 57
26 76
25 77
46 56
61 41
70 32
65 37
87 15
14 88
6 96
7 95
50 52
89 13
12 90
78 24
60 42
43 59
99 3
40 62
84 18
18 84
58 44
75 27
90 12
83 19
9 93
98 4
412240496 100
375158481 7806
249355727 3400
400811751 8019
194047792 5678
269428106 2884
311513670 9462
157426180 7515
291629328 2089
144000935 450
147820791 4251
74544232 1204
394071631 2423
342715531 7988
200556304 1345
354243272 3622
93219009 4556
302173557 1953
9265061 2875
375958152 2681
290497606 1527
227903821 7484
242237622 6658
282315376 4791
31082148 6428
286133989 8240
167840957 3526
384954940 8516
79528043 163
256568260 3521
312507948 1068
94666105 6302
35867635 7161
250714607 6592
251826016 6973
55506365 4196
92872058 9308
402962396 1357
382696313 8146
354251173 4712
70858198 2599
130874395 566
322622472 597
39158957 9690
174515053 2644
47174396 5212
170858533 896
259981974 5280
99611204 8591
105421181 3326
278156190 3666
315866927 5165
191771533 8240
115532236 2394
185536764 7520
399049444 7325
95147742 5800
8899428 1482
400323344 4029
176308256 5754
63621863 8498
25374846 5239
234770476 9508
131008016 766
390916717 1056
136215087 4289
271971951 5889
291401222 2462
196956871 9590
389906776 64
144170402 9731
320596504 4223
349162755 6765
129723567 4666
126050339 4843
182446789 7139
399900559 8786
9362939 2912
311701877 1969
254241681 4251
248845065 5780
272519946 3838
239986111 6333
248514530 2594
109793065 1947
188862434 5533
368045735 8949
9918030 4264
171966600 5394
406449596 5999
154268040 8773
7260803 3401
305340824 8186
132215037 4274
221542289 9852
58332192 5915
278830932 4202
176511420 797
220469857 1974
222331593 7432
311640006 4786
630479334 24
233799583 3165
587057133 7299
213856413 6204
12458486 528
558906430 7122
65594938 284
590117043 1272
342278668 2976
141693798 4827
225262502 657
209040876 4952
46851106 9085
47181570 9209
534816424 3580
86495980 5731
286998840 5089
440095468 3729
492438057 1766
2364981 4372
304179317 5472
77951138 1702
115454773 8207
46715454 8889
628043821 1259
587661219 36
114185215 9939
331039927 7166
561809393 624
501569670 6108
294246845 8887
309211242 5702
74477445 6457
444282138 7924
81200767 9138
405120992 3314
541606878 4529
320230203 1818
194354207 6889
479951126 970
373055437 3845
411327705 250
354241356 588
387965925 2495
573131418 3052
552276536 2435
532247200 9898
9659161 7158
196721891 5196
377649295 7989
272163650 2591
62381534 5778
330621164 8617
401125884 6579
403592951 7317
21545248 791
38879274 6885
549123463 5189
292345689 6863
462122181 1980
132621972 8901
492882433 4929
919947464 6
110398832 7414
788386228 2916
270597383 3857
8277211 4862
491995126 1789
376627205 2322
247685373 38
221827767 6565
219793922 4063
242971183 8939
35060529 4693
121951531 3209
240945237 8973
247045115 5806
95520110 73
127389198 2542
95679997 9605
15067025 9323
226829887 6058
108307745 4392
213331016 3541
192773796 6320
85874480 8867
145642736 8286
70791005 361
114393800 167
144958036 8495
49637876 9711
205256990 2422
62387078 6967
165678464 1670
67884114 5187
82639477 8841
20866192 5002
148810602 8140
44962448 3990
89598488 1828
152455515 8752
77692615 115
246843164 3195
68052205 1012
6225473 711
30033475 2011
202602222 4990
43867425 7114
136473358 24
16955776 900
90368968 9361
126722021 9264
32554921 7391
12780839 7462
37631826 7029
13442478 872
89532736 419
32725602 9416
135979741 9938
132347368 4052
104662087 5292
65772784 8488
127647043 5026
38487792 4430
109592929 2925
40220724 8324
8019304 572
47151289 2028
123529997 3780
47774613 4732
80467667 1574
123804761 9707
50743211 5146
740543325 9
325247634 9857
26339224 7127
94084574 7765
475231334 5769
233609315 4485
724159680 5722
184584206 6595
612870639 6532
383885186 9046
798462742 7
663183071 7672
473469703 2190
292101564 9270
783909653 7509
496611354 9609
170690406 3985
600427927 1479
44495114 100
18115974 1360
24847510 4472
7140342 6572
27963546 2612
33108577 6686
8534342 6109
13939416 5911
9471228 2399
33117544 4781
12138230 83
16240469 4448
12087768 7638
41455622 9780
6204020 4659
31643115 8563
12075705 2947
17356288 3552
14295682 338
17780812 5894
3850055 7907
11114753 8952
13781289 7781
38797717 4820
25003156 7938
28124787 573
26874642 1692
41853860 5834
29548235 2008
34518274 5101
29198437 1734
27982167 2467
39963398 1841
19947063 1711
28665112 7306
24270383 8364
27527324 281
5094296 7571
3487234 5999
18209033 3006
24525186 8960
14772656 9617
14408412 8831
27010696 4438
3874880 9037
29306960 1204
41619614 3299
1570568 8723
1637848 3203
22870740 6678
30960616 9856
7036020 3951
11638457 952
23683550 240
43892569 1684
30993186 6242
4846031 6756
26444508 5188
22880235 5965
26261600 2425
32724339 3438
35851418 4472
36548477 3763
12565320 7759
40844502 8796
3486033 3242
5138229 7041
31755359 847
15554319 7769
5933953 1288
10210594 5524
39609986 2446
42325414 491
21900887 6620
15641756 29
4114231 2218
38545761 1190
19292406 9989
33722339 7609
8876515 2079
9431789 7873
7798924 8606
36997923 3903
7643674 6732
20984142 6252
29823726 306
15625088 3400
38913781 4329
7307605 1086
40316578 2197
30562702 8221
41511773 8976
8389698 2780
8439636 5898
5603987 6947
272888 481
38919244 3898
324960 1984
33225952 6817
30657825 8400
6991395 1892
784582798 6
696127484 5012
251981764 1551
120330906 3162
404954130 7545
683299374 3142
14962334 8709
71590913 1000
24626099 1883
56241747 4369
29202633 3868
9800849 5348
60772236 2181
43850316 5519
6087833 6501
58045120 3572
10074890 1842
14320535 7146
33335106 3546
25835523 8446
45257899 4342
62946392 3520
23589016 7830
7654287 6696
48184935 7776
14724367 9283
31875524 1379
44408733 1586
23550389 7922
51466048 7858
57585464 7752
65639641 6807
10148812 7965
56922953 8197
24322352 5849
32640614 548
22926169 1027
30336897 6464
25377213 1050
36812937 7543
50260287 2165
9450099 5197
383903 1262
53999423 5308
39604614 3978
22064716 3021
38619346 5115
20093912 2303
39569562 4360
2750769 2239
27777159 8423
29484763 442
42222478 6849
38108583 2759
11319270 2634
32595948 5176
66806012 2743
18032213 5390
23945576 1653
32185693 9856
62233597 6933
68960455 5366
69275128 1974
56055543 9617
66117922 7837
11581306 4030
33217793 6929
36437630 8081
19775296 5660
68613714 3678
39389776 8474
29334940 2254
28644146 3079
1396432 2656
19177648 7383
57112016 4706
57913588 1159
68995631 938
41837120 2553
61299227 2810
17012278 490
34419383 3775
14181515 1245
16716438 8783
59601795 8790
1710901 3409
839990 9399
46293000 4374
45298469 5871
16471850 7826
7351288 6180
18827988 3606
56982556 334
19028375 4661
63802254 7335
8234404 2630
50747730 8949
10362329 8921
70648527 7095
16035467 3749
70378198 2967
55055021 3348
1236407 975
67988124 3877
70137130 5773
25579364 2364
6368897 710
39532266 7915
30086654 7932
624174 4185
24388825 5877
63820203 4425
17190136 5253
64032275 8018
44522832 9929
50945323 1996
39090222 6274
15280855 7899
11076498 1643
29522411 8174
42267953 6038
50862910 4457
35130786 6964
16215345 3474
66311209 6339
65233765 2664
11366856 8289
59246036 9241
10166625 9866
79932 7172
68658968 7106
69378655 4246
47321435 9288
20562386 970
25439215 6370
7800173 6362
17403860 8871
12030760 4921
6679597 1144
55261719 3788
58048513 6127
40465971 7926
11031749 1082
71046710 6296
70340894 3032
12437636 3462
3711583 2682
7616934 3334
65352785 4301
39936422 8733
8080571 372
57735709 665
60550054 1440
32675128 7325
62898888 6621
56504356 8132
538203 9817
3386535 3129
7607908 9692
21844640 2588
39186910 5995
52219879 1913
12002774 9795
65199104 5207
42962086 981
7109348 8410
24381174 2363
50012043 1572
37405564 1033
48403920 933
70798445 7652
12734471 3532
33349873 9126
67731636 7960
16788172 6549
30727641 5606
58818198 5521
66500638 711
49736641 3511
40827188 5602
30997216 8497
45048148 5056
68712311 9933
26837754 839
36387684 3496
2423869 7161
68531422 9298
1419767 361
30382123 2656
60330343 1998
61065404 7961
60406951 6961
30115795 4147
9051431 3869
13769720 9943
18691402 5557
23336324 6819
6504804 5562
34747715 2892
11923681 1442
42469406 858
34962634 7702
37232035 8714
54851278 5132
29653314 8781
67022901 3582
53468219 3525
46349844 9892
62663557 2461
45045222 59
52636229 4099
2099288 898
1600674 9863
15930261 7293
747176 9788
4644796 4198
31404715 955
50988460 2819
54853164 9991
38616239 585
51234149 8829
59140167 2087
69195893 41
49847713 2023
11758355 583
52832057 2692
19650469 2545
18033071 6028
42765700 7757
64182216 3920
43245397 2760
52156535 3075
3346422 5030
8249896 1895
12452236 9202
2004543 9741
9289372 9756
46570564 2567
42299048 1743
33701275 5188
46550786 7207
1970703 1135
9028650 9559
46001899 238
14934061 3187
47613159 3423
57413611 9099
41995790 221
45717999 7995
38832716 7566
48040955 1940
6506373 53
32278073 8186
30645802 6187
53501080 824
69666570 3572
18668929 128
16952619 4403
54771258 3208
57401247 9394
230828 3367
9972676 8311
32097480 652
25939196 157
46051596 1102
21735872 6013
62862662 1915
53875467 745
25488582 1085
48589075 1384
13700600 6440
23648385 570
65996311 2129
24659813 9129
62056883 3802
29170505 312
5723773 4240
65202369 1158
10324677 6491
9970371 7673
60449767 6197
11411058 8115
35518920 8062
69367595 2845
21259635 255
25986471 519
24422188 1571
37023694 1682
24926476 3316
19867213 3314
16963991 7326
59021983 387
62694591 9299
10605919 2816
54343516 6183
13626055 8688
13135920 8085
65408538 8710
60287681 1821
44050175 1707
21717171 426
44267245 3665
20848736 8110
46728270 246
20002769 5177
29433556 2539
47736945 6362
7912435 5733
66443655 8319
68868410 1156
48333131 8740
9117648 8358
41518858 9179
57458526 9107
13837125 9569
21359161 3076
2579619 1364
29302884 475
21370984 372
54725320 1244
41826784 8537
19915094 4039
50125794 2496
63702148 7535
68460023 3956
36002493 3591
5865809 2348
41294553 1871
23155698 7569
16235262 5573
25353256 898
7521484 4068
54217998 6483
6402236 2134
14793285 9793
8886379 7360
19925698 3875
30953616 61
22843479 2129
42331544 9117
54996660 8292
60259016 4662
44228708 8432
46248953 3414
55033462 2084
5245166 2775
27057037 1931
44281824 649
64621767 6573
46301583 1788
44395911 1732
10926929 4743
49453030 3235
13135403 6246
60791144 5957
49588092 361
16491443 3163
63787928 5115
12069775 8832
12721498 2359
13070839 3162
16612884 6417
18904929 3052
10372151 4283
38991012 1973
37393083 8360
26306110 805
40922207 4166
67350110 2387
50688256 266
37951245 4727
9411635 6558
46145662 4998
43804380 2944
32719143 8831
3743571 5800
52535353 1875
34826261 4573
47407913 4035
47696718 961
51823118 4138
14688205 2781
20666835 6255
52344756 4190
18239751 8144
14803950 6010
8207948 6696
1393323 248
9314895 9039
14107619 6332
66817845 6140
54101575 9841
4771091 272
50858758 8570
46650791 5557
29080802 7273
66722782 6924
62256655 6852
11501421 5769
34171861 9862
69442180 4466
58149635 248
11051868 7009
9673747 9559
29192261 7580
24093245 1586
11989197 6098
52990578 6147
6133040 894
2691096 3279
60214743 478
46186985 6035
39107278 9251
27814206 7635
26752263 1112
35911939 8739
6168320 601
61186000 3347
56307699 7946
66141880 7548
57823393 528
48903083 4706
20485033 8973
23304991 7941
43084636 1993
24653307 3738
54482874 4875
61386192 6844
11805524 2901
65717011 9579
7742645 8248
25220563 4949
57337074 7475
2058993 4233
44588327 1344
64371848 1631
66770959 4265
10487334 9152
25404948 8910
39316109 4136
38399076 9916
18858320 4812
14955642 8819
17403410 1436
61726125 6518
69921418 7313
41709841 1468
61171346 983
62078614 5508
17859400 4947
61226373 8994
44442396 5247
4642443 302
56519062 5940
10083392 513
32760756 6965
32326739 6218
33186313 6069
48247173 8194
23787716 1174
13660686 9844
31975634 1277
13487551 1224
32710058 5368
67182260 5207
15521839 8255
48276841 9616
56470251 3488
10369608 1968
10248607 9007
21213447 2002
61171784 5461
30275850 3408
45099074 5775
34862642 4684
6684127 2572
42225177 8082
57970475 717
19049053 1191
66688656 8461
34721464 7280
59658693 9863
58766202 7148
44958490 3691
58636599 1284
4924583 1848
16758946 399
28352151 5160
14962480 6472
16294579 3364
60498746 2635
45999619 9025
7821331 1015
60033150 5917
48722604 6167
41835707 4782
45093585 8936
32290179 6170
35085120 6810
56552305 4452
54098166 1613
22764433 3662
9000504 2630
59294695 2466
49070914 7024
33890681 8635
52983664 9869
41090942 6184
24255674 5268
67732141 7031
59797588 6012
23181775 8572
43996367 6711
29146461 6830
11856343 5072
10792843 1361
63783646 9670
65523079 3917
31278985 6908
21818371 7119
67801285 9201
68000632 6613
55181223 5250
44365505 7496
71209093 1862
36971299 1795
13789774 1755
20518624 2984
12514286 7567
9522610 7165
4427566 5582
1371490 8902
14402663 1366
3592815 1353
61562641 9983
28906757 7416
56677610 6434
70090976 4711
36861516 6131
2220297 9332
9959433 7948
48584930 2761
22328512 7960
12341020 9052
48577428 2458
9304699 7435
6798016 2037
33994357 450
55706803 1120
20542251 8178
33872208 7346
47659600 3306
34878443 7589
1555350 7352
8333612 1603
49519510 7687
70677298 3213
40125576 3824
6908975 9239
53732783 2218
13141562 6162
45197427 8650
57519881 5401
10503969 3108
2870337 9925
47111247 9984
30978582 7606
29404966 2288
53164690 1140
57092502 770
54112469 1824
30662963 2113
43894031 7273
21327069 3840
50000291 4879
48772315 3161
41907816 2252
44431360 6302
56429288 7664
42092825 6547
71128810 8091
34043479 40
62635634 3622
41738757 319
16801248 640
7445344 4448
51513501 303
56215742 1164
8774168 8217
38871884 2618
68250069 4970
24004531 9104
70043596 313
23993356 440
28470596 4392
37901425 5444
35043224 5356
54614283 630
70715452 5848
54746582 461
18915043 6089
26674177 6193
47195527 8029
17001690 6744
28212033 420
68834356 2018
65812758 3897
10793519 4358
5666201 4035
43632820 718
54224208 1053
9190642 4435
3376037 8501
21060943 9290
35168975 1740
21486631 468
49347780 5838
63911100 302
44292366 1358
58925251 2432
18090700 7171
63130128 9381
45258831 9040
54034917 8064
46579257 9461
46426197 3107
37370206 4873
55127482 2463
22052939 1801
35322295 9497
30290712 1313
68167048 3312
39546889 3324
16215200 4513
24880320 2123
21781213 9450
46622907 6685
51088960 917
51106995 267
41098576 6515
19602128 5372
35846309 8545
33736721 5391
68754408 7842
58802603 6781
14618076 7483
18957823 4100
50195248 7518
4436378 8530
19171288 287
30111993 418
49379040 1358
34379177 6717
14552146 2544
34839851 1518
65747776 3745
33154647 1770
33784954 5708
10985223 1596
12653734 148
71411444 8481
33856692 2129
18436449 5824
27024035 8886
49160594 8055
67945501 1354
53308357 960
68446613 8966
30180827 5231
21069889 3290
28921635 3626
19854318 6523
53902234 349
69790770 9034
22043290 942
54538711 8915
42870423 3447
44621049 7936
47288245 6758
52373529 2939
16170164 1088
39868181 9671
51665460 600
5252522 4669
56924929 2844
7565951 5882
2573770 1236
69252018 8030
25368435 6614
43117139 265
31437500 8787
36196030 6447
34414003 6072
13616640 3666
44681554 770
15836999 9136
63068050 6425
45607301 1078
49050567 128
69070857 4418
52047981 9815
11387201 1326
39509964 2213
38912444 6916
63913114 6080
26866877 1852
16894049 8959
49048463 1661
11223206 4031
30450846 8411
16456324 711
5373229 9820
9927714 7683
29340117 4991
7812323 5778
33085322 7624
14226086 5845
18389422 4112
43294874 3663
41643030 3696
4204982 2937
43773688 691
36122240 5396
5063406 4814
45831003 1373
61592619 6521
66196088 3203
20220116 1770
68337930 4960
54400615 8987
25313332 4123
24008943 1209
68452947 3141
60317190 5382
35572964 1977
20471360 9800
34693722 2350
2425440 1930
12592443 3406
60740812 2257
6188677 3286
7899466 1467
63588639 3556
62682957 7230
4082737 6728
66469433 2002
53261660 1411
15613640 3183
37835056 9007
18452523 654
48296771 3246
19134849 7810
62211872 5314
63778759 8435
67152291 8528
10473726 5663
30743321 5001
64992528 9432
13877150 9692
11748545 4705
20821265 9075
29062064 3985
35960134 5320
69894348 2312
26577382 3959
64160341 2515
58430395 3910
3949971 2467
24291913 8732
11674245 785
32962103 4847
33960110 9123
698633 8689
35956269 3862
52879649 2739
69949985 9383
8262795 5988
44290103 6379
4504530 923
59826208 8508
49680880 8960
6785686 6067
65659953 4926
43955567 6809
18511500 1645
55884349 6315
748398 9070
55761232 1941
67104533 9377
7916606 175
13163753 6896
56716922 3833
57830984 549
49974390 9247
58713140 3803
42745515 5720
29079154 7674
61575600 2343
7735103 8140
4445262 4151
31502514 945
45985920 2703
29171393 1000
69669763 9173
28991207 8545
50389297 5021
18933747 8677
3787723 4882
4906912 3776
8098990 3028
20032984 8943
26466946 9289
67949499 6895
63435752 2084
26204987 9345
48145178 8772
37162846 167
32586133 1440
24460839 3684
40337410 3988
16722458 232
35019213 7769
2534385 2936
42569189 1113
45908871 2949
42816579 8328
66895435 5232
14905807 8037
25030483 3679
38138975 9785
26856398 6684
65771866 5286
7233184 7930
29037051 3107
7486805 4846
34728420 6507
65829840 916
46312911 5484
32991904 8219
54851103 2252
32076139 3414
3062741 6125
29874169 6871
48338991 1905
4489455 4614
28077044 1651
26574457 2144
67442456 7527
40598626 6259
63104220 8005
49949895 5698
62921269 1690
66412380 5368
51464318 4243
3288829 7198
23657563 9623
49479116 6270
7971712 2480
14814675 2028
9426698 5601
43916122 3643
52574798 3445
19505374 9326
57749639 6919
68792473 7826
27773783 2135
60067543 3003
24021677 7553
63579860 5868
21109115 5302
60441829 7325
61420395 2440
67444900 376
19520385 2755
66964826 7660
4758669 8566
11587585 3623
4468649 3952
8744857 9024
27819517 2322
55389768 1684
55181959 2932
42710027 7258
31503500 3218
32829199 4132
63033643 1024
56134598 162
30139549 5572
12464923 4515
20113687 7883
53359667 2228
67252623 1549
50789886 5674
66456483 2000
31449535 9935
38592784 5462
41463949 5592
49708952 915
13924895 2659
47914188 7948
18601980 8302
57881369 8718
28549570 8387
57353455 4380
12361142 1420
8425660 7640
9733108 6879
48224025 8191
14351229 5797
25686965 371
34907195 5233
36679682 9648
49231752 6047
67732211 7835
36372339 7435
33304010 8984
29385784 5236
20255946 2776
27220099 5190
28192930 3837
45034947 1633
53584546 7647
69737817 4408
58729432 1869
67389804 7657
34082083 8569
18215659 9210
18664780 8074
8837112 5158
33356513 8496
38878867 5600
20069007 6755
60065921 1108
2445100 6870
4608422 3762
6857421 7597
63911258 9225
9313553 5885
19350009 6404
44463787 2654
37393279 3797
42153982 9085
27876803 8608
64399024 9926
62678119 9352
24376335 8806
10222248 4718
48433795 7938
11128906 1290
5697202 5061
30771628 4808
10911465 8112
8492940 8777
34824374 1693
6573273 6179
15052783 7481
38112838 2492
47936569 5336
40979098 1032
35708437 2778
44646728 5257
54126023 2356
11618547 3677
69374222 4901
14523633 4031
27340000 1264
54050863 6955
16948031 9745
57430298 7565
49459499 4062
65052870 8308
40193863 5600
955122 8982
54483250 8359
51498322 2495
67065834 4504
13134513 9493
808043 7536
46190159 4754
58925742 4708
36532677 1146
49810566 5332
27295783 7703
751242 5373
17619674 8661
70100996 3279
7087425 6267
17493651 8715
28310194 7736
30101748 9053
28972256 288
11382772 66
65509079 9205
7635505 3425
8551005 6662
3689650 5899
2568748 1620
27668217 8509
24929043 5287
29674150 1664
8510892 8006
8842446 693
10944870 8456
67995338 4994
46520900 3597
10841307 4578
15701067 3225
47370119 2540
26998878 34
10733230 1281
872741 6626
3862333 965
22076729 8591
12154832 1141
2847730 4919
5523332 3987
14188954 8517
20342322 3377
21593066 2089
16008954 8179
24361395 6463
8140355 1153
21139984 9508
3346673 5855
3009088 107
22994457 4682
19624899 4011
23769162 1860
9642978 3211
8205743 3027
9832122 8765
2921679 3175
9160113 2013
25076371 1406
6166075 2746
11597686 5767
26256746 873
11466440 7502
21880419 3887
12871775 9317
7005409 2837
17202337 1448
16852347 7068
