99
2525 1
2400 5
300 2
120 60
60 90
91739163 1
55256512 7857
297424884 1
175372925 7405
52900825 1
29915734 1791
532242345 1
521056169 2158
720760392 1
187026835 1642
314547358 1
269666105 2121
969234364 2
447866699 1366
923460776 2766
394456574 1
128513122 278
1000000000 2
999999997 3
999999998 2
77075102 1
45041177 842
379382256 1
303454439 6159
169761078 1
119075965 9363
310333058 1
44286228 9814
298466307 1
169463181 4771
393394951 1
342506532 781
678711781 1
647256931 678
120008131 1
78471365 9769
916818494 1
81458703 4386
348051244 1
112481510 4686
508274790 1
497095286 7688
310965357 1
264727861 7229
766323449 1
296218037 5529
1000000000 1
1 1
613276383 1
210044621 2890
1000000000 2
998000000 10000
999000000 10000
2 1
1 10000
503254659 1
312936011 2918
758917977 1
367585694 5904
133582349 1
33709513 5613
964198936 1
539770388 3723
1000000000 2
1 3
2 2
349523461 1
195682053 9926
844922538 1
355585172 3279
219260059 1
29315265 1925
922910056 1
205753018 7904
514163902 1
275050670 2912
1000000000 1
999999999 1
771306429 2
16848410 973
674589046 2644
1000000000 1
999999999 10000
202758665 1
106631134 8283
945519492 1
718979207 5963
648203967 1
524746124 6897
695663563 1
432199204 2827
742313151 1
448859611 9738
937981298 1
848053863 4429
766473968 1
519594408 7395
1000000000 2
999999999 2
999999998 3
239756082 1
68791353 9601
2 1
1 1
1000000000 2
999999996 3
999999997 2
605807357 1
600645230 3417
760046377 1
54569681 9751
243409449 1
101857774 3083
940281799 1
497138470 7473
678293920 1
618355621 9445
146453265 1
122792046 9841
278433753 1
233445283 6614
305090757 1
60785281 842
738835403 1
264331451 3142
365857116 1
359093191 7679
786085060 1
765324634 8265
214199979 1
207287839 2761
193224725 1
75056690 2550
1000000000 1
1 10000
810840746 1
622141529 2057
120616766 1
109762078 9366
1000000000 2
999000000 1
998000000 1
266147160 1
74545114 4318
408482482 1
3470597 674
207201021 1
167714961 2690
201241881 1
182115593 3710
905766025 1
569713393 2250
398090624 1
120650151 9591
497910960 1
217780771 1184
606048378 1
60893146 5581
1000000000 2
12345676 2
12345675 3
693354829 1
21156684 911
455491562 1
55409553 4056
896666339 1
891386280 9731
169717289 1
95354439 1624
304678570 1
104895573 7519
563654692 1
129745005 3802
200000 2
5001 1
5000 3
811220276 1
206255150 8025
135294844 1
35686205 195
181179162 1
146829710 8482
1000000000 2
200 10000
100 10000
522767169 1
518425935 2906
984354127 1
443215535 6150
872582421 1
689331529 585
601034319 1
128959516 1653
429974538 1
164800594 316
352934128 1
89581857 7858
615364559 1
449158912 4492
422654766 1
151671717 7419
962224433 1
82250520 8649
596969844 1
324901585 4838
