99
6 2 0 2 0 2 0
3 1 0 2 0 0 0
451 196 0 247 0 8 0
489 119 0 233 0 137 0
707 210 0 314 0 183 0
243 111 0 52 0 80 0
236 50 0 94 0 92 0
4 2 0 1 0 1 0
6 3 0 0 0 3 0
41 30 0 0 0 11 0
1000 250 0 500 0 250 0
824 278 0 145 0 401 0
928 326 0 295 0 307 0
7 3 0 2 0 2 0
621 268 0 175 0 178 0
190 69 0 54 0 67 0
5 2 0 3 0 0 0
783 208 0 206 0 369 0
555 219 0 243 0 93 0
379 180 0 21 0 178 0
235 38 0 99 0 98 0
643 317 0 98 0 228 0
999 500 0 499 0 0 0
429 146 0 84 0 199 0
3 1 0 1 0 1 0
462 136 0 184 0 142 0
145 52 0 25 0 68 0
102 21 0 45 0 36 0
537 382 0 36 0 119 0
4 1 0 2 0 1 0
4 1 0 3 0 0 0
492 231 0 142 0 119 0
573 177 0 190 0 206 0
1000 500 0 1 0 499 0
546 240 0 194 0 112 0
251 57 0 86 0 108 0
6 3 0 1 0 2 0
357 53 0 165 0 139 0
586 166 0 255 0 165 0
257 32 0 100 0 125 0
5 3 0 1 0 1 0
1000 0 0 500 0 500 0
460 139 0 170 0 151 0
680 201 0 205 0 274 0
416 191 0 168 0 57 0
4 1 0 1 0 2 0
741 104 0 589 0 48 0
164 81 0 48 0 35 0
4 2 0 0 0 2 0
864 318 0 405 0 141 0
427 22 0 274 0 131 0
999 250 0 499 0 250 0
462 66 0 202 0 194 0
992 354 0 334 0 304 0
14 7 0 0 0 7 0
964 30 0 765 0 169 0
812 53 0 391 0 368 0
919 262 0 396 0 261 0
3 0 0 1 0 2 0
9 3 0 2 0 4 0
180 46 0 61 0 73 0
13 4 0 8 0 1 0
62 16 0 23 0 23 0
1000 334 0 333 0 333 0
393 159 0 56 0 178 0
999 333 0 333 0 333 0
169 78 0 76 0 15 0
926 361 0 195 0 370 0
57 21 0 9 0 27 0
673 289 0 168 0 216 0
251 108 0 46 0 97 0
118 53 0 6 0 59 0
850 366 0 276 0 208 0
572 120 0 67 0 385 0
3 0 0 0 0 3 0
999 250 0 249 0 500 0
999 499 0 499 0 1 0
5 1 0 2 0 2 0
432 139 0 159 0 134 0
158 74 0 42 0 42 0
875 395 0 98 0 382 0
336 121 0 134 0 81 0
236 89 0 78 0 69 0
581 289 0 267 0 25 0
551 253 0 77 0 221 0
333 52 0 138 0 143 0
655 160 0 316 0 179 0
1000 0 0 501 0 499 0
888 386 0 373 0 129 0
451 146 0 170 0 135 0
192 15 0 135 0 42 0
332 90 0 78 0 164 0
312 95 0 91 0 126 0
916 303 0 273 0 340 0
480 139 0 199 0 142 0
368 126 0 108 0 134 0
483 173 0 217 0 93 0
544 236 0 101 0 207 0
318 28 0 217 0 73 0
