100
2 3 2
1 1 1
2 1 2
3 2 3
71 6 71
32 2 32
3 37 3
22 7 22
1 79 1
4 13 4
1 95 1
5 21 5
34 6 34
23 11 23
69 8 69
100 4 100
1 3 1
54 7 54
19 12 19
64 8 64
3 5 3
90 6 90
6 3 6
46 1 46
2 6 2
80 8 80
78 5 78
63 5 63
4 15 4
30 6 30
70 4 70
1 29 1
10 6 10
100 9 100
14 9 14
43 4 43
42 4 42
14 7 14
1 30 1
1 18 1
2 26 2
6 19 6
3 4 3
2 32 2
4 6 4
73 2 73
96 3 96
23 5 23
4 3 4
20 3 20
100 3 100
3 1 3
62 4 62
2 59 2
1 10 1
2 2 2
93 2 93
4 4 4
10 18 10
30 3 30
1 2 1
43 1 43
4 22 4
72 9 72
2 4 2
9 18 9
68 5 68
100 2 100
56 4 56
22 13 22
88 4 88
69 2 69
78 4 78
100 1 100
99 9 99
1 4 1
48 2 48
4 1 4
7 11 7
3 3 3
1 41 1
8 19 8
1 21 1
28 8 28
5 14 5
9 11 9
59 3 59
83 5 83
2 49 2
100 8 100
10 5 10
10 1 10
54 1 54
65 6 65
88 5 88
22 1 22
46 10 46
1 100 1
4 2 4
4 29 4
