100
87093 10930
12186 34609
78075 12371
81205 9751
83149 2785
53416 21902
29942 52706
46902 41897
50094 5893
15599 19316
52814 33767
34105 18473
84682 154
14633 67578
83412 8103
66246 9074
0 2
23739 35587
77201 21188
0 100000
52749 24178
57823 37465
62537 22613
58715 27766
69789 21589
0 1
82893 10783
48959 779
30739 26291
94998 4858
9 11
45833 19984
1165 25980
2 0
24932 55553
89202 4721
28536 45526
1 1
978 54495
56618 7223
24113 38943
73251 15080
100000 0
7763 61964
37867 28516
23993 68990
76210 1250
29101 3261
84523 7861
50000 50000
34948 51284
35629 63745
62580 11051
35547 10250
65110 32052
94970 25
563 12569
1 0
5802 81433
84370 6842
81353 12572
75644 816
8324 30619
2023 49862
47127 10256
6695 10116
50152 17981
19496 5449
1868 97726
23443 21517
81847 11712
78164 12269
91939 1890
69398 11062
39806 57163
92589 3409
45622 11242
80871 10302
89971 324
9775 32777
80617 7034
16508 40324
36284 11583
74892 3877
9782 54068
44455 26474
7663 38803
67818 2788
22759 75116
80302 5536
58017 26959
32045 43746
4043 87835
31085 31262
81577 15931
19013 30474
12587 54684
25839 30481
7 13
44728 26246
