100
161553 829724 615 9906
508335 9966 405 294
346685 318043 849 9997
749702 543671 873 9906
0 0 7 4800
39173 708646 96 9079
976408 206486 175 9040
232882 852240 116 9981
578632 917101 222 5642
784759 864106 982 1486
361575 864224 193 96
352153 451223 149 9936
276187 21704 835 7149
443071 83734 573 7431
749076 360801 687 9907
973526 520348 521 2620
148162 653070 544 9997
436019 855315 984 6291
336338 201092 918 9957
768982 989861 652 9988
203371 252595 542 363
336050 201266 130 9929
155220 917144 283 9945
184401 290382 62 9904
908270 683315 846 3010
776038 807561 658 9943
837398 288866 907 9929
940704 966374 731 3275
46046 513634 973 9987
627551 610130 220 4185
710710 599219 741 4536
952528 68463 814 9958
582180 204555 841 9947
368240 979016 725 8042
0 954092 52 6029
744652 84760 844 9940
397414 0 979 1
377146 109672 220 9930
405461 754803 940 9979
830961 981263 435 4793
472804 383775 460 5657
766220 33524 75 9538
290779 910787 964 9989
715834 288281 753 7016
589261 311961 417 9907
436800 601479 419 9969
0 0 915 1
996940 130878 591 3293
905051 0 921 1
485491 257088 422 9914
550981 551165 794 7083
93068 805417 664 7146
314755 929053 494 9936
174010 265343 831 3649
612715 934628 942 9937
0 879368 466 1
575421 535332 34 9977
706906 225359 834 7370
141721 241815 480 6066
155625 329562 963 9982
707614 910820 564 9935
743897 355364 438 9969
120252 618520 663 7634
942293 957178 545 2315
44561 392927 982 5483
736540 260085 279 9943
778146 99240 445 5129
669688 800684 38 9951
59177 412504 921 9975
0 0 100 199
597505 883760 553 4864
582768 736890 699 9955
606130 950198 579 9988
923632 707184 536 9928
627854 139722 464 6640
62118 859738 412 975
916897 881987 277 9572
644314 258937 376 6554
954905 450804 159 1409
216733 365506 522 9973
374669 122723 956 9993
0 0 1000 10000
0 0 10 5
524002 420564 820 9998
523819 784113 94 207
518684 0 361 5897
987188 551028 503 9986
335947 18787 205 6684
264939 88258 181 9929
316200 82761 557 9942
359114 377382 291 6375
730116 47974 221 9824
383470 111642 262 6389
734508 713314 230 9959
296003 150005 158 9962
340405 893080 2 200
738084 763147 999 3900
642894 989479 884 8910
963286 458820 291 9921
961219 159040 48 9901
