50
1000 1 19 15 17 14 8 20
1000 8 19 14 16 1 4 20
1000 10 12 9 15 14 1 20
1000 0 999995001 1 0 10000 10000 1000000000
4 36188617 383202029 0 0 528846146 435024204 996261689
3 269695765 403940240 0 0 695798443 732204714 994905805
3 418666678 783966266 0 0 894526754 160767629 990203665
3 186974914 636874088 0 0 240968034 364413183 996522530
1 673319285 742278720 0 0 866161628 581242165 950220218
1000 931814965 967705721 0 0 264263005 370166012 958531576
1000 193723984 925535575 0 0 655231871 489352705 991986740
1000 121075413 977245091 0 0 307317617 48319952 995546158
1000 611865278 708479315 0 0 792409971 290876403 944824093
1000 992782780 994901874 0 0 246930067 584467011 995556031
1000 229225683 958106180 481048619 832156554 0 0 951289221
1000 272733474 583391506 978268832 504648936 0 0 930928198
1000 457915797 932002940 183400204 562074902 0 0 973220034
1000 608658027 816232801 631383487 375570303 0 0 930954804
1000 232879182 574994753 455175405 298276492 0 0 968747342
1000 370342185 858204979 589323067 256098845 359376747 875657938 901478645
1000 333616051 540292989 365429353 159243972 584168415 335639303 946236732
1000 26813444 84053332 89062534 56261051 324898739 576752266 982775118
1000 128328507 936310610 633316816 87589007 813493142 18203564 994092733
1000 470731084 968074097 253839520 84339485 825326199 753235105 996791131
1000 689410772 933646968 867039538 37691112 641993317 28475064 996023418
1000 145813694 150020381 315800385 367912723 586937229 625200305 941509242
1000 6082660 754421309 907994748 410265634 242419781 393102917 920175209
1000 552906259 575084859 827240236 935646392 37940824 50070815 997081580
1000 86095703 716585017 812791412 719562183 699180420 690059856 975861418
1000 527558191 625835595 644762695 322654857 291315982 208685916 953939254
1000 292550337 905698389 60031493 565343099 613451601 141754478 980396490
1000 827292262 894671468 509065386 323002759 558575681 29867422 932199357
1000 256566970 697484339 429797176 888662129 632572497 711334600 951291309
1000 269077160 929486395 994956723 943425600 565179588 949328448 979423430
1000 122758197 255892934 210518759 843320928 472166199 128529625 988994203
1000 460569747 786506346 30875422 533337675 323347416 3129504 883221029
1000 29610804 319208108 47725069 469050894 224791886 500024103 998800431
1000 82967241 897099685 70697995 50365965 747710574 917309691 987205460
1000 158001218 690618483 945649053 495455118 766010318 88809472 962710556
1000 369447095 994703290 410699824 735117598 955424736 699007527 992144016
1000 65281354 451003145 178447335 664449357 474150138 39890003 974620717
1000 732873352 834187223 535053008 941947607 27111356 222104741 861808799
991 14872347 995612716 771846751 459944571 704961510 377856447 995969670
998 660763542 831937900 124131618 850196506 164478147 769255124 996906091
991 3147201 665342544 835177796 984561151 910316546 617031995 990334304
965 785821255 979984603 682842582 55585856 586349327 557450746 967539374
1000 114464003 538001219 308098292 253026536 89364986 125819742 991779686
1000 81144670 914506274 380979778 238934096 988195643 693918585 976610879
1000 844771187 943568816 161487656 874185000 522270664 122756329 923508292
1000 264236208 306764692 984658979 316548191 203570173 549401017 960972941
