50
2
2 2
3
3 2 2
3
1 1 2
3
2 3 1
5
200 212 203 160 224
26
119 97 142 118 116 14 14 22 28 20 17 18 24 28 26 15 18 13 24 13 16 18 22 12 23 23
3
1 1 1
26
30 42 36 29 38 40 43 35 40 37 52 41 34 28 40 43 31 40 35 42 46 43 33 56 38 28
26
1 1 1 1 1 1 1 1 1 1 1 1 1 1 1 1 1 1 1 1 1 1 1 1 1 1
20
49 37 47 53 36 49 57 51 49 49 63 46 48 60 37 49 51 54 58 48
3
4 1 3
9
96 106 118 101 133 108 106 116 111
16
1 1 1 1 1 1 15 1 1 1 1 1 1 1 1 1
5
205 185 192 215 202
4
261 232 257 246
26
136 172 150 123 25 17 22 19 24 19 16 12 16 23 19 15 22 18 12 18 24 18 23 29 19 9
26
32 43 41 33 31 36 45 39 36 40 31 41 41 44 40 34 38 39 40 42 44 45 32 40 37 36
26
21 13 25 19 29 190 17 20 22 177 22 21 27 22 22 21 20 13 21 11 23 18 178 8 23 17
26
13 124 12 23 19 15 17 113 15 129 17 21 30 17 18 18 24 30 118 18 20 21 15 16 123 14
3
3 2 4
19
46 52 61 43 37 55 64 49 51 60 50 55 55 55 43 50 55 46 69
3
3 3 2
26
30 44 45 38 39 38 27 50 40 34 37 45 34 48 39 37 31 46 38 34 32 41 34 38 36 45
26
33 34 42 46 38 50 42 42 33 36 36 34 23 30 28 41 41 33 49 31 51 39 43 41 38 46
25
39 37 47 41 43 46 57 32 44 55 34 41 41 40 36 38 37 38 32 39 33 38 33 33 42
18
46 54 50 51 53 69 62 58 51 59 54 55 66 57 54 53 50 53
14
62 81 65 79 67 78 71 80 62 78 67 67 65 76
4
255 248 259 230
3
1 2 3
26
35 30 45 32 40 34 27 36 28 41 41 29 53 30 38 45 52 40 41 29 43 38 39 42 35 57
3
2 1 1
26
18 19 20 16 16 18 24 30 12 252 14 17 22 24 20 18 16 272 24 26 19 19 19 23 18 24
26
40 40 42 39 32 31 40 41 34 39 48 41 42 42 34 42 45 42 32 37 37 34 42 33 34 37
26
132 138 139 143 19 19 23 18 29 18 28 20 21 16 25 23 14 23 19 10 19 20 20 21 14 29
18
59 62 62 50 52 58 37 60 62 48 60 65 47 58 52 53 53 62
26
20 1 20 1 20 1 20 1 20 1 20 1 20 1 20 1 20 1 20 1 20 1 20 1 20 1
3
1 3 2
17
57 53 55 57 62 62 55 57 73 47 73 61 64 51 61 51 58
3
2 4 3
26
148 120 138 134 21 18 21 21 25 24 21 23 23 16 25 19 18 16 25 16 26 20 19 22 21 20
26
25 1 1 1 1 1 1 1 1 1 1 1 1 1 1 1 1 1 1 1 1 1 1 1 1 1
10
9 1 9 1 9 1 9 1 9 1
17
55 56 72 60 50 64 52 61 72 55 50 69 63 62 55 58 43
3
4 2 2
26
30 34 39 34 38 43 37 48 45 40 47 25 42 45 38 29 37 43 33 39 36 38 36 43 40 38
26
39 42 38 39 36 39 33 47 33 48 24 41 53 36 37 40 46 34 36 27 44 35 49 40 24 40
3
2 3 4
18
60 56 49 61 51 58 49 65 52 54 55 54 54 53 62 59 57 47
26
34 47 41 32 37 31 39 38 38 38 39 29 43 38 39 48 43 28 38 46 49 37 25 37 41 45
3
3 4 2
