100
5 4
2 1
4 20
22 300497
50 1
27 15612002
7 14
7 1
50 52357036270857
4 1
4 2
18 28117
2 2
7 9
12 358
8 46
50 999999999999999999
7 4
7 30
7 20
50 140737488355328
7 5
7 16
20 174362
45 4026291303958
50 1000000000000000000
23 123791
7 19
19 10466
22 310379
7 8
3 2
25 841089
49 140737488355328
49 140737488355329
7 21
30 58916316
7 32
22 868217
7 28
25 260017
19 105982
30 36850740
7 31
7 15
25 1000000000000000000
7 24
2 1000000000000000000
38 44027094047
3 1
49 281474976710656
7 3
48 63296076155800
19 78976
46 6093370557899
42 1000909678192
50 39278182270200
7 22
34 3241098372
7 18
41 235276270858
29 102847362
25 8388609
3 3
21 457948
43 1551884505506
19 17642
7 33
7 17
50 281474976710655
7 25
34 181342814
4 3
26 6332181
46 12427794158854
43 1836129407419
7 12
50 105553116266496
7 13
7 27
40 71219243584
7 2
7 29
36 16566057682
50 281474976710657
7 10
47 2987582823280
7 6
38 67579881260
31 343872485
7 11
25 252525
17 15391
7 7
4 4
7 23
50 281474976710656
49 100611434314908
4 5
7 26
