50
3
1 2 3
2 3 5
3 5 6
2 3 4
1 2 3
7
5 12 19 26 33 40 47
15 16 17 18 19 20 21
43 44 45 46 47 48 49
36 37 38 39 40 41 42
1 2 3 4 5 6 7
6 13 20 27 34 41 48
22 23 24 25 26 27 28
4 11 18 25 32 39 46
2 9 16 23 30 37 44
7 14 21 28 35 42 49
1 8 15 22 29 36 43
29 30 31 32 33 34 35
8 9 10 11 12 13 14
10
5 7 11 12 16 18 20 22 25 27
16 18 22 26 28 30 35 39 41 42
24 27 28 32 33 36 39 42 43 48
8 11 12 14 17 19 21 22 23 26
14 16 17 18 21 22 27 28 31 33
21 25 26 30 31 32 37 41 42 45
5 7 8 11 14 16 17 18 21 24
6 8 12 13 17 21 23 25 26 28
22 24 26 30 33 36 37 44 45 48
9 14 17 18 21 25 28 30 31 33
15 18 21 24 25 28 29 30 32 36
7 11 14 15 18 24 25 28 30 32
18 20 23 25 28 30 33 35 36 37
13 17 21 24 27 29 33 36 37 39
19 21 23 28 31 32 36 41 42 43
2 5 8 11 14 15 18 20 21 24
11 16 19 21 22 28 30 31 32 36
20 22 25 28 30 31 36 39 41 44
11 12 13 15 18 21 24 26 28 30
4
2 3 4 5
3 4 5 6
3 4 5 6
1 2 3 4
4 5 6 7
1 2 3 4
4 5 6 7
10
8 10 13 14 16 19 20 22 23 26
3 5 6 7 9 10 11 12 15 16
6 9 11 13 15 17 19 21 22 24
4 6 7 8 10 11 12 14 17 19
14 17 19 21 24 26 28 29 31 33
11 12 16 17 20 22 23 25 27 29
2 5 6 7 8 10 11 12 15 17
1 3 5 6 7 8 10 11 13 14
5 7 9 10 12 14 15 16 19 21
10 11 14 16 18 20 21 24 25 28
13 15 17 19 22 23 25 27 28 30
15 16 18 21 22 25 28 29 30 33
13 15 17 19 21 24 26 27 28 31
5 6 7 9 11 13 14 16 17 18
11 12 14 16 21 22 24 25 27 29
1 2 4 5 6 8 10 11 13 15
10 11 12 15 19 20 21 23 26 28
6 7 8 10 13 14 16 17 19 21
7 8 10 12 15 16 18 20 21 22
8
13 17 19 22 27 31 35 36
8 11 12 14 18 20 22 25
12 20 27 31 32 35 39 40
19 21 25 27 30 35 39 42
16 25 31 36 37 42 44 47
23 26 30 32 34 39 43 44
4 8 10 13 17 19 23 27
15 22 29 35 36 39 43 44
7 12 18 19 20 25 30 33
11 18 23 27 28 30 34 37
17 18 20 23 28 32 36 37
9 14 19 22 23 27 32 34
4 5 7 9 11 12 15 16
10 14 18 19 23 27 29 31
27 28 33 34 37 40 44 47
2
22 222
2 22
2 22
3
2 3 4
1 2 3
1 2 3
3 4 5
3 4 5
2
6 8
4 8
2 6
10
7 15 22 28 33 37 40 41 42 59
46 48 51 53 55 56 58 60 62 64
9 17 24 30 35 39 42 44 45 62
4 12 19 25 26 27 28 29 30 53
47 49 50 52 54 57 59 61 63 64
4 12 19 25 26 27 28 29 30 52
7 15 22 28 33 37 40 41 42 58
3 11 18 19 20 21 22 23 24 51
5 13 20 26 31 32 33 34 35 55
2 10 11 12 13 14 15 16 17 49
6 14 21 27 32 36 37 38 39 57
1 2 3 4 5 6 7 8 9 46
9 17 24 30 35 39 42 44 45 63
6 14 21 27 32 36 37 38 39 56
8 16 23 29 34 38 41 43 44 60
8 16 23 29 34 38 41 43 44 61
5 13 20 26 31 32 33 34 35 54
2 10 11 12 13 14 15 16 17 48
1 2 3 4 5 6 7 8 9 47
6
14 18 24 25 29 33
8 11 14 15 18 24
13 17 20 22 26 29
10 14 15 20 22 25
5 8 11 14 17 21
11 15 19 20 22 26
5 8 11 15 17 18
1 5 8 11 13 14
15 21 24 26 29 33
6 11 14 19 20 24
1 5 6 10 11 15
6
1 2 6 9 11 14
18 22 23 26 31 36
11 21 24 27 31 36
6 13 15 21 23 30
1 6 11 15 18 23
23 28 30 35 36 37
15 16 21 25 27 32
11 13 15 20 24 29
9 16 20 25 26 35
2 11 13 16 22 28
6 11 13 16 21 24
7
4 5 6 7 8 9 10
2 3 4 5 6 7 8
7 8 9 10 11 12 13
5 6 7 8 9 10 11
7 8 9 10 11 12 13
1 2 3 4 5 6 7
6 7 8 9 10 11 12
3 4 5 6 7 8 9
6 7 8 9 10 11 12
4 5 6 7 8 9 10
5 6 7 8 9 10 11
1 2 3 4 5 6 7
3 4 5 6 7 8 9
6
4 6 7 9 11 13
9 13 16 19 21 24
3 6 9 10 13 14
9 13 16 18 19 21
2 3 4 6 7 9
11 14 18 19 20 24
4 7 11 12 16 18
6 9 13 14 18 19
7 11 14 17 19 20
2 4 5 8 9 11
8 10 12 14 17 19
7
17 63 70 95 121 123 146
47 76 106 121 129 152 173
15 45 66 81 106 117 118
1 13 14 36 47 50 53
1 13 15 17 36 55 74
13 32 48 63 76 85 101
14 48 66 70 94 107 118
74 95 118 142 173 177 197
13 32 45 63 68 84 95
53 101 118 146 169 192 197
36 68 94 108 129 151 169
36 63 81 95 108 130 142
55 84 107 130 152 155 192
10
11 14 15 18 22 25 27 30 31 33
14 17 19 22 25 27 30 31 32 36
10 13 15 16 18 22 24 27 30 31
5 8 10 13 14 17 18 20 22 26
6 9 11 15 17 19 21 24 25 29
11 14 17 19 22 25 26 30 32 34
22 25 30 31 34 38 40 42 44 46
5 8 9 11 14 17 20 23 24 25
16 23 25 27 30 33 36 37 39 42
9 11 13 16 19 20 22 25 28 31
7 10 11 13 15 19 21 25 28 30
15 20 21 24 26 29 33 36 38 40
12 17 19 20 25 27 29 33 35 38
2 5 7 10 11 12 14 17 20 23
19 24 28 30 32 35 37 38 41 43
2 5 6 9 11 14 15 16 19 22
17 20 24 25 30 31 36 37 38 42
23 26 29 31 33 36 40 42 43 46
20 22 25 28 31 32 38 39 41 44
10
2 12 22 32 42 52 62 72 82 92
9 19 29 39 49 59 69 79 89 99
5 15 25 35 45 55 65 75 85 95
8 18 28 38 48 58 68 78 88 98
31 32 33 34 35 36 37 38 39 40
11 12 13 14 15 16 17 18 19 20
1 2 3 4 5 6 7 8 9 10
91 92 93 94 95 96 97 98 99 100
3 13 23 33 43 53 63 73 83 93
21 22 23 24 25 26 27 28 29 30
1 11 21 31 41 51 61 71 81 91
7 17 27 37 47 57 67 77 87 97
6 16 26 36 46 56 66 76 86 96
51 52 53 54 55 56 57 58 59 60
81 82 83 84 85 86 87 88 89 90
10 20 30 40 50 60 70 80 90 100
61 62 63 64 65 66 67 68 69 70
71 72 73 74 75 76 77 78 79 80
41 42 43 44 45 46 47 48 49 50
8
3 5 7 10 12 13 15 16
9 12 14 15 18 21 23 24
16 20 24 27 29 34 36 40
10 11 15 16 21 22 27 29
13 17 21 23 27 30 31 34
5 7 12 13 17 19 22 24
6 7 9 11 15 17 18 20
16 19 21 22 27 30 32 34
15 18 23 25 28 32 35 37
15 17 19 21 24 27 28 29
12 13 15 16 19 23 25 27
12 15 18 19 24 27 28 31
19 24 28 29 31 34 37 40
17 22 25 27 28 31 35 36
7 9 14 15 19 21 25 28
2
1 3
1 2
2 5
6
14 16 23 25 29 32
5 10 11 13 16 20
14 20 25 31 32 38
10 13 19 23 25 31
3 5 9 10 11 14
3 6 9 10 14 15
11 16 22 27 29 35
9 11 16 19 22 25
10 13 20 23 27 31
15 20 27 31 35 38
6 10 12 13 16 20
2
2 22
22 222
22 222
2
2 4
6 8
2 6
5
2 3 5 7 8
5 6 7 9 11
7 9 11 12 13
4 5 6 9 11
8 11 13 15 16
5 6 7 11 13
2 4 5 6 8
6 8 9 12 15
3 5 6 8 9
7
17 19 21 23 26 29 31
14 15 17 24 26 28 31
12 13 16 18 21 24 26
11 13 15 21 24 25 29
9 10 13 16 18 21 24
1 3 6 9 12 14 17
3 7 10 13 16 20 21
6 9 11 16 18 21 23
3 5 7 9 11 13 15
14 17 20 21 24 25 28
6 8 10 11 13 15 17
9 11 13 18 21 24 26
2 5 8 10 13 17 19
4
1 2 3 7
2 4 5 10
8 9 11 13
2 4 5 9
3 5 6 11
1 2 3 8
7 10 12 13
10
6 7 8 9 10 11 12 13 14 15
1 2 3 4 5 6 7 8 9 10
8 9 10 11 12 13 14 15 16 17
8 9 10 11 12 13 14 15 16 17
1 2 3 4 5 6 7 8 9 10
9 10 11 12 13 14 15 16 17 18
5 6 7 8 9 10 11 12 13 14
3 4 5 6 7 8 9 10 11 12
6 7 8 9 10 11 12 13 14 15
7 8 9 10 11 12 13 14 15 16
9 10 11 12 13 14 15 16 17 18
3 4 5 6 7 8 9 10 11 12
10 11 12 13 14 15 16 17 18 19
4 5 6 7 8 9 10 11 12 13
4 5 6 7 8 9 10 11 12 13
2 3 4 5 6 7 8 9 10 11
7 8 9 10 11 12 13 14 15 16
2 3 4 5 6 7 8 9 10 11
5 6 7 8 9 10 11 12 13 14
7
5 10 14 17 19 20 31
4 9 13 16 17 18 29
2 7 8 9 10 11 25
2 7 8 9 10 11 24
1 2 3 4 5 6 23
1 2 3 4 5 6 22
6 11 15 18 20 21 32
5 10 14 17 19 20 30
4 9 13 16 17 18 28
3 8 12 13 14 15 27
3 8 12 13 14 15 26
6 11 15 18 20 21 33
22 25 26 28 30 33 34
3
4 6 8
3 5 6
5 6 8
1 3 4
1 3 5
10
13 15 16 18 19 20 24 26 27 29
16 18 20 23 24 27 28 29 30 32
3 5 7 9 10 12 13 14 17 18
5 7 8 9 11 13 14 16 19 21
2 4 5 7 9 10 11 13 15 16
11 13 15 17 19 20 22 24 25 26
5 6 8 10 12 13 15 17 19 20
7 8 11 14 15 16 19 21 23 24
7 9 10 12 14 15 16 18 20 22
9 10 12 13 15 16 17 19 22 23
16 19 21 22 23 25 26 29 31 32
13 14 17 19 21 23 25 26 27 29
15 17 19 21 23 25 26 27 29 31
6 7 9 12 13 14 17 19 21 23
10 12 13 14 16 17 18 20 24 25
9 10 13 15 16 17 20 23 25 27
15 17 19 20 22 24 25 27 29 30
2 3 5 6 7 9 11 13 15 16
4 5 6 7 8 10 13 15 17 19
4
7 8 9 11
3 4 6 8
1 3 4 5
5 8 9 11
3 4 6 8
4 6 7 9
5 6 7 9
10
101 145 165 195 213 233 257 263 272 293
57 83 101 125 131 135 166 186 201 217
90 121 142 171 196 213 221 244 249 283
144 155 165 217 236 258 283 293 314 316
45 61 88 101 119 136 142 165 173 192
18 42 45 46 59 75 97 115 126 144
46 81 103 125 143 146 171 195 217 241
59 98 118 131 162 179 196 213 242 248
125 168 192 241 248 249 274 295 307 316
85 119 136 146 179 189 214 231 242 258
18 23 48 57 72 85 90 101 118 125
75 103 131 135 177 189 213 233 245 249
48 73 88 103 118 131 149 156 162 165
23 56 61 81 98 103 120 132 138 155
126 138 162 201 207 242 249 272 286 307
115 132 156 186 193 231 244 263 266 295
118 152 173 217 242 245 263 266 286 314
97 120 149 166 192 214 221 257 263 274
72 98 119 143 162 177 192 193 207 236
4
1 4 6 7
6 10 14 16
7 11 13 16
6 8 11 14
4 7 9 10
1 3 5 6
5 9 11 13
4
4 8 12 16
2 6 10 14
9 10 11 12
1 5 9 13
13 14 15 16
3 7 11 15
1 2 3 4
3
3 4 5
1 2 3
2 3 4
2 3 4
1 2 3
7
11 12 15 17 18 21 22
7 10 12 14 16 18 20
9 11 13 16 17 19 21
2 4 7 8 10 11 12
1 2 4 5 6 8 9
5 7 9 10 12 13 14
8 9 13 16 18 19 21
6 8 11 13 14 16 17
5 6 10 13 14 16 17
9 11 14 17 20 21 22
1 3 5 6 7 9 11
6 7 12 14 16 17 18
3 4 5 6 7 9 11
3
2 3 5
3 4 7
2 3 5
3 4 6
5 6 8
10
4 5 6 9 11 12 13 15 18 20
2 3 5 7 9 10 12 14 16 18
10 12 15 16 18 21 22 23 26 28
5 6 8 11 13 14 16 17 18 20
7 9 11 12 15 17 18 19 21 22
12 13 16 17 20 22 24 25 28 29
10 12 14 17 19 21 22 23 25 26
9 11 13 15 16 19 21 22 24 26
11 14 16 18 21 22 24 26 28 30
7 9 11 12 15 16 17 19 21 22
15 17 18 21 24 26 28 30 31 32
16 18 19 21 23 25 28 30 31 33
18 20 21 22 24 26 30 31 32 35
14 15 17 19 21 23 26 28 30 32
8 11 13 15 16 18 20 21 23 24
2 4 6 7 8 10 11 13 15 17
3 5 7 9 11 12 14 15 17 18
13 15 17 19 22 23 25 28 30 31
17 18 20 22 26 28 29 32 33 35
2
4 8
2 6
2 4
6
13 16 18 21 27 31
6 10 14 18 20 23
11 15 17 20 24 26
15 17 22 25 31 34
1 6 11 13 15 16
9 18 20 21 25 26
15 23 26 31 34 39
16 19 24 26 33 39
8 14 17 18 22 24
12 20 24 27 31 33
3 10 15 16 17 19
4
1 3 5 7
7 8 11 12
3 4 7 8
5 7 9 10
3 4 6 9
1 3 5 7
5 6 9 11
3
8 12 18
11 15 18
4 5 8
4 8 11
5 9 15
10
15 16 21 24 26 29 31 32 33 37
8 11 13 15 18 21 22 24 27 29
18 20 25 26 31 32 37 40 43 46
3 6 9 11 14 15 16 17 19 20
11 13 17 20 23 26 28 30 33 36
5 9 11 12 15 16 19 21 22 24
3 5 8 10 11 14 15 18 19 20
14 17 18 22 26 29 31 33 35 38
19 22 27 29 33 35 40 43 44 48
6 9 11 12 13 17 19 20 22 23
9 11 13 15 17 18 22 25 28 29
19 22 28 31 32 33 40 43 44 49
20 23 29 34 36 37 43 45 48 50
16 19 22 26 28 31 34 37 40 43
17 21 24 27 30 33 37 40 43 45
14 15 18 19 23 26 29 31 32 36
20 24 29 30 36 38 43 46 49 50
11 12 15 16 20 22 23 26 31 34
15 19 22 23 29 31 34 37 40 43
5
5 7 9 11 13
7 10 13 15 17
6 9 10 12 15
3 5 7 9 10
1 3 5 6 7
3 5 7 9 10
6 9 11 12 14
8 10 11 14 17
1 3 5 6 8
2
2 4
6 8
4 8
3
2 3 4
4 6 7
2 4 5
5 8 10
4 7 10
4
3 43 55 78
2 25 37 46
25 43 61 83
18 83 102 107
37 55 62 102
2 3 4 18
4 61 62 103
4
4 8 9 12
7 12 16 18
1 2 5 7
2 8 11 12
8 12 15 18
7 11 13 16
5 9 13 15
2
4 6
2 4
4 6
2
2 3
3 4
2 3
3
2 3 4
3 4 5
2 3 4
1 2 3
3 4 5
