100
2 1
100 20
200 10
2 2
100 20
200 10
3 2
100 10
100 10
100 10
4 2
9 3
7 1
10 1
8 4
9 3
241616 33
24753 2364
26411 2970
28388 2273
20601 2218
28045 2611
22402 2234
23670 2601
254661 89
6 4
171446 466715
942201 84925
293325 272791
147850 541200
219404 364699
617792 129520
6 4
587202 24012
516026 27324
34317 410872
701592 20097
415338 33948
504252 27962
3 1
239606 332520
715012 111430
627407 126989
7 2
491320 797261
22195 11127
472913 669309
969730 454957
65634 419730
565830 105582
905984 999159
5 1
790533 57025
141380 318858
175375 257050
50454 893490
93726 480978
5 3
53922 101556
43524 125818
31122 175956
116831 46872
62244 87978
3 2
3549 366629
14931 21
3640 351439
4 1
25725 2992
27066 2345
243457 97
21807 2817
6 2
586424 995828
283893 622392
815276 317317
401623 167371
852982 210942
328677 809261
3 1
567818 495920
136388 285412
494907 388197
9 3
652290 703409
770522 517854
492188 914114
77939 111233
812892 4761
286694 648359
402305 759304
282490 876429
357227 941389
5 3
332198 167269
290428 191326
915910 60668
126148 440486
259028 214519
9 6
237991 1
293538 86
25228 2211
23143 2951
20527 2770
20367 2679
25593 2440
26009 2380
25944 2221
6 4
652910 18638
572654 518771
732535 141808
904038 911654
858757 236535
592867 22909
10 6
99876 164502
41847 392616
61828 265734
417339 39368
425334 38628
20254 811188
88578 185484
57942 283556
85608 191919
26936 609957
10 6
20468 316602
54054 119884
18018 359652
399126 16236
20124 322014
37638 172172
814506 7956
10296 629391
962598 6732
10578 612612
9 5
724631 22904
94651 174771
41006 779988
861864 423994
409416 352911
40555 31122
488594 22973
532822 67673
215499 221785
5 1
280757 95
25100 2402
25844 2102
22291 2996
222208 17
3 1
24960 2130
26639 2383
243419 58
6 3
17084 87
3989 360563
3785 316724
3535 307598
3474 348719
14283 79
5 1
3338 335974
10847 16
16249 29
3689 367910
3691 328584
9 2
22638 2036
26933 2266
28716 2627
258425 90
23919 2593
20843 2588
212776 44
20926 2189
20416 2265
6 2
269982 782290
962940 157821
6683 185094
671274 35250
196283 849401
110038 518184
7 4
171616 476204
137787 593120
659774 123867
122999 664430
859902 95039
222420 367432
216441 377582
7 1
686292 210399
799109 903920
816851 168893
251340 928911
128777 355589
587764 609776
987720 87341
1 1
1 1
2 2
111969 39928
46046 97092
2 2
213624 258013
124614 442308
6 3
29790 2887
23441 2149
230574 43
21124 2903
240755 60
22984 2673
7 1
929642 191737
755167 455459
580804 952855
132608 505212
279264 802479
457014 304686
775566 605586
6 4
272061 67704
148428 124098
134199 137256
23436 785954
588411 31304
46683 394568
10 4
3299 362257
16583 79
3033 300885
13020 76
3961 326939
16504 63
3854 331479
3152 304747
3406 341914
3426 320881
2 1
137770 324310
127376 350774
8 2
3379 352101
3627 314445
3912 373048
11144 75
3061 362107
3763 336711
3711 393565
12031 97
10 2
23409 2992
22180 2514
257049 98
29927 2572
280858 54
29846 2869
21532 2725
25598 2253
27572 2212
273887 34
3 1
3043 342265
3407 325926
18208 73
10 3
275990 442859
732405 850352
243379 184593
567385 287879
649454 381719
653613 382900
997813 36612
264092 433543
869663 276838
963277 231849
9 5
964115 94305
152773 595137
900822 100931
601412 151179
321341 282942
339414 267876
125599 723898
620345 146565
116451 780765
3 2
271092 92106
100491 248472
317832 78561
7 5
12839 8
10749 87
3151 393708
3018 336826
3224 360162
3683 357305
3213 373830
4 1
3532 314690
11745 5
3861 391219
3541 352935
4 2
3993 334711
11852 5
3798 394387
3167 337829
10 6
55944 329251
21204 868686
46872 392977
75924 242606
223944 82251
641173 28728
50778 362748
95589 192696
503874 36556
74648 246753
3 1
86624 639385
192662 287478
168463 328773
9 3
73036 871556
304645 208948
294804 215923
144723 439840
74880 850093
652771 97515
723615 87968
191636 332166
236179 269520
10 5
318629 965325
158249 203264
570987 12294
734228 626808
193676 424469
443591 970002
799910 20499
15418 222409
162032 703486
191423 658598
8 5
365566 565708
657727 592914
360699 472806
4135 124825
83935 48007
687136 867677
532079 515232
526934 434141
9 4
269848 45
25524 2878
26005 2005
26826 2824
23243 2221
25984 2796
28815 2386
211747 74
24529 2237
3 1
128861 422424
228479 238245
609604 89294
9 5
270572 18
249926 74
25912 2450
21891 2163
26175 2535
25085 2508
21494 2917
22256 2674
29298 2861
3 2
763164 12558
151317 63336
106812 89726
2 1
205586 87
29356 2278
6 4
226044 15334
147798 23452
77418 44772
282744 12259
15708 220662
8073 429352
3 1
3012 399290
16401 15
3874 333326
6 4
273725 56
212148 4
29913 2337
20428 2968
26755 2939
23704 2725
8 5
203407 89165
622089 279965
688252 660789
412685 238088
79780 934086
503493 318286
46764 765926
356677 315110
9 3
3283 321563
3973 304463
3287 379790
16004 94
3226 374117
3853 384221
3530 300843
3375 312424
10573 6
7 3
876183 520968
679873 424565
803194 686917
655953 800531
266349 875935
801047 775694
371014 934861
7 3
589235 98840
283161 205678
655317 88873
129088 451165
738374 78876
667140 87298
319090 182519
3 1
148415 570575
509472 166215
340631 248603
10 4
387734 156547
98537 615998
267097 227253
464472 130683
113871 533047
281094 215937
385645 157395
138580 438004
394244 153962
691202 87816
10 6
288104 61261
24525 719655
504359 34994
571164 30901
247279 71375
334944 52694
180011 98047
278652 63339
161688 109158
975436 18094
10 3
3908 376312
13254 10
3288 336542
16967 85
3108 316819
3475 321895
3525 383795
12218 72
3616 348463
3734 394648
2 1
203673 10
24982 2663
9 5
19662 31
3466 331496
3102 367153
3447 337352
13200 17
3174 323791
3208 376623
3173 310733
3113 376228
4 3
92568 125829
37107 313896
503316 23142
128898 90364
8 2
274626 90
228447 75
21588 2777
21332 2711
20652 2090
20405 2263
20969 2117
23438 2304
4 2
151445 623265
165957 568764
188989 499449
143861 656122
2 1
3333 376932
12414 82
2 1
25755 2002
235065 11
3 2
18079 55
3209 318195
3464 396814
6 4
400488 46053
26418 698148
601398 30668
46053 400488
70686 260924
698148 26418
2 1
288530 130184
134983 278272
10 6
131733 369112
63597 764568
383061 126936
189329 256824
171828 282982
135198 359652
255374 190404
460143 105672
157896 307951
60088 809217
10 2
3873 370274
18544 65
17002 7
3613 311861
11608 53
3304 399492
3929 305239
3590 327721
3309 371476
3214 326629
8 6
61044 509084
55010 564925
185700 167348
118440 262382
896352 34670
62388 498117
36155 859536
613300 50671
5 2
3183 331647
3293 319161
3706 354223
10561 83
17924 28
9 3
279666 847942
137270 453767
902674 879112
139387 341716
77224 270977
979368 338089
771835 387619
259456 114366
526166 367458
10 6
216270 313331
970715 348518
308147 942316
888815 68749
154702 982800
10002 642883
177654 66791
195419 173939
794892 990717
769241 621271
6 4
17328 13
3482 371166
3736 386474
3235 348782
13762 56
3872 397909
3 1
223492 419857
823668 222799
428672 308210
2 1
281133 64
27880 2116
2 2
239932 61938
794871 18696
7 3
250549 453281
235059 319859
174192 353746
913410 90284
925695 720281
316110 421182
619304 794114
10 10
1000000 1000000
1000000 1000000
1000000 1000000
1000000 1000000
1000000 1000000
1000000 1000000
1000000 1000000
1000000 1000000
1000000 1000000
1000000 1000000
8 2
24624 2664
23446 2452
26240 2113
21668 2714
26261 2611
26953 2741
297126 98
266145 28
4 1
920960 981537
675887 336527
444723 335605
911061 819561
8 5
79212 426474
330372 102254
770431 43848
504252 66994
209496 161253
213237 158424
492246 68628
937916 36018
2 2
567686 43524
37076 666414
10 6
493580 144242
352576 201928
230391 309018
607948 117107
467496 152290
150551 472896
247337 287846
114381 622437
318951 223216
129860 548244
2 1
3290 322959
15572 28
7 1
200127 19
29450 2030
202353 85
22139 2873
22480 2241
23003 2484
28582 2645
5 3
11592 989043
40392 283843
14168 809217
432837 26488
225148 50922
5 2
914182 58310
110086 484221
540431 98636
102765 518717
366145 145587
8 5
590121 17112
295596 34162
119567 84456
24242 416556
14136 714357
137547 73416
56028 180234
124062 81396
