100
1 1
540 600
840 900
2 0
900 1260
180 540
1 1
1439 1440
0 1
2 0
898 1412
1412 1440
0 1
1194 1440
0 2
1317 1354
1354 1440
2 0
1191 1440
738 1191
2 0
322 478
478 540
0 2
839 901
1161 1218
0 2
1387 1440
1026 1387
1 1
865 912
366 670
0 2
1402 1440
468 809
1 0
85 182
0 2
1195 1314
52 456
0 2
1382 1383
1073 1382
2 0
11 361
1080 1430
0 2
161 706
33 161
2 0
1298 1440
845 1154
0 2
302 732
1256 1440
2 0
1380 1440
950 1380
2 0
911 1092
1092 1440
0 2
10 360
1080 1440
2 0
1376 1440
970 1376
2 0
1411 1440
374 724
2 0
148 229
229 403
0 2
1324 1348
837 1324
1 1
779 1337
598 779
2 0
1232 1440
1183 1232
0 2
399 438
1061 1114
0 2
0 1
1439 1440
2 0
861 1440
804 861
1 1
862 1380
546 727
0 2
631 944
203 571
1 0
571 814
2 0
1080 1430
0 360
0 1
794 835
0 2
897 1076
1118 1440
1 0
1012 1049
0 1
556 895
1 1
0 1
1439 1440
2 0
1267 1440
836 1267
0 2
365 446
446 798
2 0
380 686
686 859
2 0
1010 1440
564 683
0 2
1262 1440
693 1086
0 2
666 735
735 1213
2 0
1439 1440
0 1
0 2
781 851
851 1440
1 1
1304 1440
340 393
1 0
1030 1440
2 0
393 793
1274 1288
1 1
1426 1440
1387 1426
2 0
1079 1429
10 360
0 2
1295 1333
1333 1440
2 0
1432 1440
933 1432
0 2
541 901
180 540
0 2
11 361
1080 1440
0 2
1195 1440
1151 1195
0 2
829 1118
1118 1440
2 0
1237 1259
1259 1335
2 0
218 295
1115 1440
0 2
704 888
888 953
0 2
1235 1440
782 1235
0 2
179 539
540 900
0 2
1179 1296
1296 1440
0 2
1187 1440
670 1115
1 0
646 687
1 1
181 492
492 622
1 0
1216 1440
0 2
551 625
625 1136
1 1
1313 1370
700 718
0 1
18 506
2 0
1054 1440
989 1054
0 1
688 785
1 0
958 1263
2 0
1280 1440
1167 1280
2 0
1043 1440
847 1043
1 1
816 1049
740 816
2 0
1328 1397
53 120
2 0
0 360
1079 1429
0 1
1333 1440
2 0
692 698
1081 1440
2 0
675 896
90 163
2 0
1354 1440
169 287
1 0
1137 1440
2 0
1082 1440
311 610
2 0
740 1143
1143 1440
1 1
1147 1440
828 1147
0 2
381 508
1059 1440
2 0
643 1059
434 570
0 2
1254 1440
686 799
0 2
540 900
180 540
1 1
1106 1440
595 758
2 0
619 654
532 619
2 0
1080 1430
10 360
0 2
1412 1440
978 1412
0 2
321 453
883 1300
0 2
773 1127
1127 1440
0 2
0 360
1080 1440
1 0
1418 1440
