100
4 4
1.4000
0.5000 0.7000 0.8000 0.6000
2 2
1.0000
0.0000 0.0000
2 2
0.0000
0.9000 0.8000
2 2
0.1000
0.4000 0.5000
50 50
0.0000
0.9999 0.9999 0.9999 0.9999 0.9999 0.9999 0.9999 0.9999 0.9999 0.9999 0.9999 0.9999 0.9999 0.9999 0.9999 0.9999 0.9999 0.9999 0.9999 0.9999 0.9999 0.9999 0.9999 0.9999 0.9999 0.9999 0.9999 0.9999 0.9999 0.9999 0.9999 0.9999 0.9999 0.9999 0.9999 0.9999 0.9999 0.9999 0.9999 0.9999 0.9999 0.9999 0.9999 0.9999 0.9999 0.9999 0.9999 0.9999 0.9999 0.9999
45 45
15.0553
0.3915 0.2278 0.7870 0.1058 0.3277 0.6277 0.4500 0.5704 0.9307 0.0272 0.5447 0.8078 0.6595 0.0504 0.3567 0.9648 0.5822 0.3028 0.7273 0.7775 0.8705 0.6742 0.1882 0.8229 0.0847 0.0359 0.4312 0.9958 0.2716 0.4006 0.2916 0.6190 0.5699 0.0997 0.1026 0.7452 0.5687 0.9340 0.6130 0.1833 0.9104 0.7777 0.7638 0.6511 0.6727
48 48
20.3473
0.6538 0.2132 0.1065 0.8599 0.6193 0.7728 0.9809 0.4688 0.7748 0.0526 0.8623 0.5289 0.9323 0.1231 0.0552 0.1844 0.8237 0.2379 0.4528 0.4223 0.2745 0.2658 0.3545 0.4722 0.3185 0.3974 0.0667 0.3909 0.3947 0.7996 0.1688 0.2149 0.2943 0.6091 0.0936 0.2825 0.4873 0.5287 0.7616 0.5893 0.8131 0.5136 0.3819 0.9311 0.0637 0.8789 0.9183 0.4785
47 47
0.5837
0.2637 0.6696 0.7012 0.3950 0.0343 0.3154 0.9918 0.5603 0.3602 0.9160 0.5026 0.2916 0.8003 0.8207 0.9137 0.8867 0.0304 0.5064 0.4740 0.3682 0.8283 0.0082 0.7999 0.8463 0.8738 0.2756 0.7167 0.2976 0.6586 0.4499 0.7619 0.5373 0.7970 0.6048 0.8177 0.1291 0.6248 0.5956 0.5646 0.6131 0.1213 0.7741 0.7335 0.4186 0.1457 0.3793 0.4096
50 50
19.5878
0.6920 0.9878 0.8278 0.8232 0.8667 0.8225 0.0427 0.7276 0.8035 0.6200 0.0455 0.2146 0.8106 0.2311 0.2714 0.5837 0.0188 0.4341 0.4625 0.4079 0.1827 0.1250 0.2057 0.5729 0.0323 0.9325 0.8782 0.7880 0.8531 0.2880 0.4665 0.7509 0.5017 0.6228 0.7439 0.9278 0.2573 0.3487 0.3884 0.2525 0.1000 0.4912 0.5544 0.1430 0.2508 0.4477 0.3018 0.8188 0.7078 0.5606
49 49
25.8470
0.0881 0.2323 0.0739 0.2855 0.7776 0.6474 0.3355 0.3160 0.5600 0.1839 0.6073 0.4725 0.5645 0.5456 0.0173 0.0519 0.1037 0.5843 0.0245 0.2671 0.1282 0.1172 0.4250 0.8456 0.4022 0.0241 0.6409 0.8387 0.5448 0.0703 0.4295 0.3903 0.1804 0.7407 0.8771 0.1030 0.1039 0.7885 0.1385 0.7598 0.6476 0.2650 0.5658 0.9652 0.5765 0.2927 0.0202 0.9190 0.1177
2 2
0.3333
0.5000 0.5000
50 50
0.0000
0.8765 0.8765 0.8765 0.8765 0.8765 0.8765 0.8765 0.8765 0.8765 0.8765 0.8765 0.8765 0.8765 0.8765 0.8765 0.8765 0.8765 0.8765 0.8765 0.8765 0.8765 0.8765 0.8765 0.8765 0.8765 0.8765 0.8765 0.8765 0.8765 0.8765 0.8765 0.8765 0.8765 0.8765 0.8765 0.8765 0.8765 0.8765 0.8765 0.8765 0.8765 0.8765 0.8765 0.8765 0.8765 0.8765 0.8765 0.8765 0.8765 0.8765
45 45
17.4906
0.3393 0.1370 0.3526 0.5318 0.4937 0.7612 0.7894 0.2027 0.2463 0.1495 0.8640 0.3266 0.5330 0.3779 0.4330 0.7834 0.3497 0.4771 0.0777 0.9482 0.8862 0.2174 0.0427 0.0700 0.1496 0.8088 0.8624 0.6012 0.0028 0.6081 0.2474 0.0350 0.7690 0.0795 0.3096 0.2489 0.3564 0.0586 0.8769 0.8960 0.5122 0.0101 0.5297 0.5018 0.0633
50 50
17.6621
0.0110 0.0337 0.9130 0.4543 0.0287 0.1185 0.5547 0.1531 0.6919 0.7242 0.7264 0.8787 0.1861 0.6404 0.6800 0.0126 0.8006 0.7377 0.6430 0.8432 0.2763 0.5209 0.5289 0.3365 0.6963 0.4835 0.6638 0.6977 0.8137 0.9953 0.9134 0.8847 0.1605 0.3095 0.5317 0.2599 0.7094 0.0282 0.9684 0.2262 0.1751 0.0089 0.3919 0.8616 0.3183 0.7820 0.4154 0.6502 0.8349 0.0887
47 47
19.5364
0.3555 0.8798 0.7579 0.4286 0.8406 0.1666 0.6674 0.3552 0.8068 0.3764 0.1402 0.2837 0.5663 0.7744 0.7080 0.6046 0.1002 0.0636 0.7210 0.1868 0.0371 0.4637 0.1986 0.6448 0.5079 0.5862 0.1015 0.0812 0.0972 0.6412 0.0771 0.4492 0.2566 0.3832 0.9730 0.8262 0.2442 0.3246 0.9573 0.5710 0.7584 0.0030 0.8463 0.0982 0.8452 0.2489 0.3538
50 50
0.0000
0.3333 0.3333 0.3333 0.3333 0.3333 0.3333 0.3333 0.3333 0.3333 0.3333 0.3333 0.3333 0.3333 0.3333 0.3333 0.3333 0.3333 0.3333 0.3333 0.3333 0.3333 0.3333 0.3333 0.3333 0.3333 0.3333 0.3333 0.3333 0.3333 0.3333 0.3333 0.3333 0.3333 0.3333 0.3333 0.3333 0.3333 0.3333 0.3333 0.3333 0.3333 0.3333 0.3333 0.3333 0.3333 0.3333 0.3333 0.3333 0.3333 0.3333
48 48
25.3359
0.7549 0.0860 0.3300 0.1614 0.1796 0.3290 0.0816 0.7261 0.6956 0.8616 0.8741 0.8248 0.1687 0.8125 0.0002 0.3746 0.0761 0.8511 0.9705 0.5393 0.1821 0.0051 0.1576 0.2076 0.1892 0.0645 0.7072 0.6331 0.2216 0.6495 0.7413 0.1174 0.5441 0.3333 0.2989 0.4604 0.9797 0.3762 0.0377 0.7335 0.2742 0.0105 0.8365 0.5602 0.0933 0.5734 0.8430 0.9868
4 4
1.3999
0.5000 0.7000 0.8000 0.6000
47 47
17.1061
0.4309 0.2842 0.1364 0.9822 0.9074 0.9185 0.2253 0.8848 0.5298 0.2517 0.5279 0.7914 0.3762 0.8110 0.3230 0.7269 0.1577 0.8231 0.5055 0.4156 0.0019 0.3333 0.2486 0.0725 0.8399 0.2974 0.4579 0.9398 0.2813 0.9272 0.5089 0.1714 0.9358 0.2063 0.6043 0.4573 0.7857 0.8748 0.8203 0.1536 0.6706 0.3408 0.8978 0.0788 0.2352 0.7634 0.5015
46 46
18.8881
0.0638 0.2369 0.3243 0.9932 0.6906 0.2045 0.8333 0.8071 0.9966 0.2720 0.8237 0.8401 0.0088 0.1015 0.6818 0.4725 0.7887 0.5768 0.4174 0.6050 0.2846 0.9582 0.3051 0.5737 0.2287 0.1607 0.6321 0.3713 0.8499 0.8408 0.3129 0.3763 0.2025 0.9711 0.8966 0.9995 0.0403 0.1370 0.4719 0.0184 0.2471 0.9664 0.3835 0.2167 0.8547 0.2915
48 48
18.8348
0.1257 0.8328 0.8483 0.8341 0.2784 0.9550 0.2765 0.2156 0.4100 0.4028 0.9508 0.7307 0.9807 0.5190 0.3582 0.3468 0.0088 0.3794 0.2788 0.8677 0.4225 0.4035 0.6582 0.1935 0.4700 0.1522 0.8105 0.0237 0.7346 0.7890 0.1310 0.2528 0.9163 0.4642 0.9725 0.2901 0.5688 0.8494 0.4576 0.8290 0.1148 0.3560 0.3444 0.4241 0.4287 0.6980 0.6699 0.3896
45 45
19.0842
0.9771 0.5470 0.3524 0.5752 0.6397 0.6090 0.8032 0.1358 0.0624 0.7897 0.7065 0.6789 0.2554 0.4658 0.0697 0.9210 0.2486 0.7831 0.1397 0.5661 0.0418 0.9136 0.1977 0.2863 0.5452 0.8799 0.2772 0.1934 0.3384 0.1081 0.5392 0.2126 0.6215 0.5063 0.8138 0.4260 0.1599 0.0628 0.2309 0.6716 0.8346 0.7123 0.3861 0.4303 0.0409
48 48
19.2296
0.3564 0.9636 0.0694 0.0249 0.7551 0.2576 0.0006 0.6584 0.1432 0.3091 0.6890 0.9387 0.9746 0.2895 0.9124 0.4619 0.5601 0.5923 0.9428 0.8743 0.7274 0.3981 0.0586 0.9715 0.5777 0.2479 0.3556 0.6957 0.5125 0.8684 0.5843 0.0098 0.3116 0.6839 0.4274 0.6274 0.9437 0.4068 0.5601 0.1182 0.8909 0.1805 0.8616 0.2127 0.1333 0.7582 0.6869 0.7140
49 49
2.2603
0.4795 0.8691 0.8354 0.6857 0.6125 0.5352 0.7694 0.9229 0.4856 0.2017 0.4379 0.5165 0.3106 0.7444 0.1679 0.2368 0.7001 0.7961 0.0706 0.4581 0.5509 0.7932 0.1762 0.5347 0.5095 0.6047 0.8491 0.4606 0.7809 0.5337 0.7064 0.6942 0.2831 0.0739 0.7481 0.8378 0.2062 0.2235 0.5154 0.8561 0.3545 0.2869 0.6873 0.4266 0.1329 0.0852 0.1160 0.7213 0.3850
49 49
20.5525
0.6146 0.8106 0.5482 0.5795 0.8563 0.4847 0.4618 0.1237 0.5292 0.6059 0.5940 0.9366 0.6765 0.4357 0.5536 0.7343 0.6950 0.0322 0.2638 0.9227 0.6906 0.4876 0.2014 0.0827 0.1533 0.1724 0.5372 0.1944 0.0057 0.9572 0.8717 0.2651 0.5264 0.3570 0.0387 0.1198 0.3048 0.1381 0.4136 0.5945 0.1220 0.3175 0.1872 0.0289 0.4232 0.4539 0.1443 0.4905 0.7195
45 45
18.0395
0.3333 0.2011 0.2461 0.1746 0.4000 0.5528 0.4337 0.0773 0.1275 0.1646 0.8615 0.3414 0.9072 0.9289 0.2229 0.7583 0.8433 0.3110 0.0164 0.3160 0.3999 0.9112 0.9518 0.2102 0.1949 0.5575 0.9717 0.4761 0.3107 0.3162 0.8671 0.0038 0.2418 0.4189 0.2619 0.6539 0.1085 0.0052 0.7750 0.4973 0.4191 0.0909 0.5120 0.7877 0.3770
1 1
0.3333
0.0000
2 2
0.3333
0.0000 0.0000
45 45
18.0321
0.1486 0.6212 0.8544 0.9143 0.2775 0.1622 0.3322 0.5361 0.4223 0.6441 0.8859 0.8254 0.0055 0.5283 0.1682 0.6428 0.2912 0.3404 0.3833 0.5674 0.2122 0.0304 0.2445 0.2488 0.9953 0.5896 0.7656 0.2232 0.9188 0.8786 0.9247 0.9706 0.6549 0.1642 0.9135 0.8563 0.5682 0.6331 0.6249 0.7212 0.7814 0.0066 0.5410 0.5166 0.7102
2 2
0.0000
1.0000 1.0000
50 50
0.0050
0.9999 0.9999 0.9999 0.9999 0.9999 0.9999 0.9999 0.9999 0.9999 0.9999 0.9999 0.9999 0.9999 0.9999 0.9999 0.9999 0.9999 0.9999 0.9999 0.9999 0.9999 0.9999 0.9999 0.9999 0.9999 0.9999 0.9999 0.9999 0.9999 0.9999 0.9999 0.9999 0.9999 0.9999 0.9999 0.9999 0.9999 0.9999 0.9999 0.9999 0.9999 0.9999 0.9999 0.9999 0.9999 0.9999 0.9999 0.9999 0.9999 0.9999
48 48
15.6176
0.1393 0.2509 0.2718 0.9569 0.3899 0.6643 0.2021 0.6030 0.3580 0.8503 0.5044 0.3762 0.8465 0.2082 0.5363 0.8339 0.6714 0.1069 0.5007 0.3488 0.3251 0.5192 0.2039 0.4061 0.1799 0.1984 0.7725 0.9653 0.2016 0.2659 0.4351 0.2729 0.0135 0.9366 0.9876 0.9432 0.2278 0.0943 0.9816 0.9619 0.5981 0.4545 0.3461 0.8721 0.6374 0.7771 0.8940 0.8791
48 48
15.7073
0.3316 0.3210 0.9554 0.3426 0.5597 0.6511 0.3598 0.8195 0.0120 0.4870 0.0819 0.6927 0.6473 0.7972 0.4578 0.8902 0.0095 0.7546 0.2304 0.1050 0.4605 0.5168 0.8944 0.1051 0.8928 0.2176 0.4823 0.1520 0.2770 0.5676 0.9492 0.9626 0.7144 0.6418 0.8603 0.6310 0.1671 0.5804 0.2664 0.5640 0.9547 0.7229 0.9230 0.6197 0.9173 0.8125 0.1156 0.2454
46 46
20.4950
0.0207 0.5825 0.6357 0.5634 0.2468 0.1661 0.2162 0.0420 0.5609 0.0218 0.0177 0.3674 0.1820 0.3311 0.9627 0.9477 0.4172 0.5284 0.4573 0.0306 0.0350 0.2980 0.0810 0.4597 0.0172 0.4811 0.7015 0.6629 0.9614 0.6991 0.3348 0.1742 0.3040 0.7133 0.5218 0.2457 0.5605 0.9452 0.4281 0.9308 0.7928 0.9397 0.2076 0.4508 0.1399 0.9225
47 47
20.3938
0.0832 0.0548 0.5164 0.7532 0.1708 0.0255 0.5961 0.2016 0.4815 0.0919 0.8251 0.9506 0.0539 0.6215 0.4406 0.1750 0.3614 0.4465 0.6156 0.1749 0.3417 0.2364 0.4452 0.3462 0.6910 0.4380 0.2555 0.3347 0.2028 0.1992 0.7416 0.5938 0.0658 0.2175 0.0274 0.2844 0.6950 0.2060 0.3515 0.5507 0.8806 0.0983 0.5748 0.6486 0.6668 0.1402 0.9083
50 50
20.6962
0.3250 0.0781 0.4227 0.0181 0.8706 0.7858 0.3470 0.8613 0.0558 0.8976 0.5374 0.2734 0.8090 0.4701 0.9923 0.1099 0.6713 0.8724 0.0627 0.7952 0.0970 0.2156 0.0146 0.4549 0.4437 0.6411 0.6229 0.1036 0.0932 0.0354 0.7318 0.0458 0.7572 0.7698 0.7607 0.1199 0.8906 0.3579 0.6776 0.1172 0.1826 0.3342 0.6305 0.5309 0.4712 0.1233 0.2963 0.1730 0.8444 0.5562
2 2
0.5000
0.5000 0.5000
1 1
0.5000
0.5000
45 45
14.1827
0.7311 0.0902 0.0177 0.7652 0.8774 0.3489 0.4237 0.9327 0.9272 0.8821 0.7047 0.1226 0.8031 0.7836 0.3306 0.4956 0.7447 0.6710 0.7565 0.5531 0.5527 0.9168 0.5166 0.2465 0.4379 0.0649 0.5826 0.0474 0.2317 0.4079 0.8048 0.7543 0.5248 0.0660 0.5092 0.5961 0.9984 0.5636 0.0590 0.5968 0.5550 0.2682 0.7785 0.7135 0.3374
45 45
20.2197
0.3832 0.4391 0.3801 0.7740 0.6063 0.0825 0.9685 0.6684 0.7140 0.2640 0.3931 0.0943 0.1103 0.4973 0.8100 0.9344 0.2338 0.1511 0.3980 0.1310 0.7397 0.4783 0.6578 0.9250 0.3291 0.1838 0.6251 0.9723 0.4000 0.6860 0.9403 0.7234 0.8696 0.0272 0.4370 0.1340 0.0526 0.7468 0.3030 0.1263 0.5629 0.5675 0.5512 0.6203 0.0796
45 45
15.6352
0.1756 0.9430 0.1233 0.6958 0.9265 0.6541 0.1239 0.8288 0.5822 0.4720 0.9179 0.3868 0.8984 0.4480 0.2627 0.1748 0.3401 0.5279 0.7239 0.5114 0.2307 0.8629 0.5670 0.9992 0.2194 0.6485 0.6055 0.2855 0.2396 0.0883 0.9389 0.9484 0.4708 0.4341 0.4527 0.4901 0.1512 0.7967 0.5308 0.0686 0.9892 0.9312 0.5713 0.4104 0.1318
49 49
16.3416
0.2766 0.6307 0.9919 0.0497 0.7492 0.0838 0.0203 0.3019 0.8342 0.3812 0.7419 0.6672 0.1827 0.3432 0.4244 0.2663 0.9675 0.0938 0.4988 0.9773 0.5006 0.3298 0.7697 0.9976 0.9447 0.2915 0.2434 0.3062 0.9327 0.3090 0.5781 0.6826 0.9130 0.6992 0.0828 0.0417 0.1757 0.6914 0.1290 0.3646 0.1868 0.8129 0.3745 0.9577 0.9748 0.4992 0.8508 0.3249 0.0923
50 50
18.6336
0.3203 0.3440 0.3815 0.7764 0.2894 0.6950 0.7421 0.5327 0.8528 0.3210 0.3350 0.2125 0.5255 0.5322 0.5888 0.3273 0.1623 0.3739 0.8785 0.8058 0.9230 0.8688 0.5598 0.4827 0.3685 0.3942 0.4650 0.4853 0.3137 0.3347 0.9597 0.0057 0.7165 0.8204 0.9377 0.9002 0.8735 0.9691 0.1516 0.8017 0.2955 0.5733 0.7834 0.4426 0.1238 0.1674 0.1422 0.8738 0.0577 0.3267
50 50
18.2861
0.2551 0.2971 0.9208 0.0693 0.4547 0.8495 0.1458 0.6786 0.1267 0.4316 0.6618 0.1619 0.7060 0.1415 0.5300 0.8260 0.8648 0.5312 0.9035 0.8688 0.8651 0.8199 0.4268 0.9567 0.8185 0.2721 0.6808 0.0916 0.3899 0.1845 0.8380 0.5378 0.9425 0.3586 0.7084 0.8267 0.6241 0.7444 0.8570 0.2885 0.0232 0.3720 0.7981 0.1613 0.4619 0.6023 0.8704 0.1408 0.7035 0.1183
47 47
2.2784
0.1539 0.7586 0.6641 0.7511 0.5519 0.1028 0.8840 0.9917 0.4354 0.5550 0.6483 0.9056 0.3084 0.8193 0.7939 0.6587 0.9042 0.9963 0.3204 0.2816 0.1902 0.8419 0.2346 0.4495 0.0708 0.6562 0.1305 0.3364 0.6852 0.3635 0.8489 0.9770 0.1259 0.7958 0.8278 0.1005 0.1637 0.8156 0.4923 0.1370 0.3553 0.1427 0.0239 0.1664 0.9460 0.6506 0.1277
46 46
18.0108
0.2348 0.3970 0.7780 0.4558 0.3493 0.6514 0.6717 0.5006 0.2173 0.5761 0.0839 0.7529 0.5729 0.4609 0.8153 0.7484 0.0081 0.3222 0.5712 0.2161 0.7704 0.0460 0.8509 0.8974 0.6112 0.1512 0.0826 0.5821 0.3153 0.9870 0.3653 0.0939 0.1134 0.6881 0.1877 0.5248 0.9014 0.4568 0.3121 0.9937 0.4533 0.7469 0.8421 0.2582 0.5693 0.9229
49 49
13.6570
0.6095 0.9975 0.9763 0.4639 0.5660 0.4059 0.2875 0.9765 0.3775 0.3689 0.2203 0.3362 0.4919 0.6838 0.6876 0.8699 0.6488 0.7423 0.8520 0.5817 0.5187 0.9311 0.1976 0.5391 0.7240 0.9080 0.2320 0.5559 0.5158 0.4819 0.3088 0.4484 0.9901 0.1798 0.4001 0.8029 0.7572 0.9999 0.6612 0.4867 0.1720 0.8935 0.5141 0.8017 0.3114 0.8225 0.6023 0.5701 0.2593
50 50
18.3007
0.3776 0.6223 0.7192 0.0603 0.1224 0.6292 0.9496 0.8097 0.8341 0.6442 0.5883 0.9336 0.1990 0.5792 0.7999 0.4668 0.6536 0.9324 0.3188 0.0496 0.0928 0.7656 0.9373 0.4871 0.7163 0.8899 0.4442 0.1034 0.3866 0.1352 0.4163 0.3153 0.6463 0.2536 0.8230 0.3361 0.0867 0.2596 0.3720 0.3196 0.7107 0.4762 0.3374 0.9016 0.9037 0.1325 0.3775 0.3043 0.8332 0.3497
47 47
22.2302
0.0323 0.3674 0.2025 0.7266 0.2657 0.8494 0.9072 0.1232 0.2975 0.8479 0.5496 0.7076 0.6339 0.4705 0.4237 0.0946 0.0076 0.2354 0.3292 0.7032 0.7253 0.7740 0.1247 0.5747 0.5069 0.5392 0.2616 0.6787 0.1400 0.6753 0.8367 0.2740 0.5951 0.1707 0.3347 0.6742 0.4896 0.7019 0.5844 0.8980 0.5710 0.7147 0.1520 0.5253 0.5028 0.0714 0.5449
50 50
0.0000
0.0000 0.0000 0.0000 0.0000 0.0000 0.0000 0.0000 0.0000 0.0000 0.0000 0.0000 0.0000 0.0000 0.0000 0.0000 0.0000 0.0000 0.0000 0.0000 0.0000 0.0000 0.0000 0.0000 0.0000 0.0000 0.0000 0.0000 0.0000 0.0000 0.0000 0.0000 0.0000 0.0000 0.0000 0.0000 0.0000 0.0000 0.0000 0.0000 0.0000 0.0000 0.0000 0.0000 0.0000 0.0000 0.0000 0.0000 0.0000 0.0000 0.0000
46 46
20.6011
0.4760 0.1123 0.2600 0.2042 0.9720 0.5523 0.9786 0.8445 0.2035 0.4291 0.2923 0.1438 0.9748 0.9351 0.9304 0.5385 0.1117 0.2430 0.7800 0.7308 0.1876 0.2905 0.8523 0.7231 0.7554 0.7795 0.2398 0.8310 0.3578 0.2238 0.2222 0.4307 0.1941 0.9379 0.0339 0.7386 0.4323 0.0907 0.3349 0.2666 0.7590 0.0247 0.7999 0.2449 0.4673 0.7026
48 48
21.5667
0.9725 0.1391 0.0756 0.9223 0.1494 0.0417 0.1995 0.1332 0.0064 0.9130 0.5713 0.3822 0.8896 0.7791 0.7936 0.1230 0.1330 0.7767 0.7703 0.8732 0.2463 0.9639 0.6429 0.5591 0.6349 0.3098 0.2586 0.9102 0.4795 0.3941 0.6856 0.9815 0.8595 0.3843 0.4728 0.8144 0.8121 0.0269 0.3573 0.4051 0.3479 0.1633 0.6106 0.3047 0.8872 0.4040 0.6614 0.2550
46 46
23.2655
0.0251 0.4534 0.1373 0.3558 0.8609 0.7586 0.4447 0.3785 0.6250 0.7449 0.2560 0.7037 0.7022 0.4738 0.1421 0.0717 0.5257 0.5106 0.6261 0.4813 0.2079 0.7793 0.2136 0.7541 0.5744 0.2952 0.4537 0.4544 0.8173 0.6669 0.5392 0.7527 0.3685 0.1409 0.6048 0.3321 0.0715 0.1233 0.2454 0.4657 0.5097 0.4718 0.1536 0.2127 0.3055 0.5952
50 50
1.0000
0.0000 0.0000 0.0000 0.0000 0.0000 0.0000 0.0000 0.0000 0.0000 0.0000 0.0000 0.0000 0.0000 0.0000 0.0000 0.0000 0.0000 0.0000 0.0000 0.0000 0.0000 0.0000 0.0000 0.0000 0.0000 0.0000 0.0000 0.0000 0.0000 0.0000 0.0000 0.0000 0.0000 0.0000 0.0000 0.0000 0.0000 0.0000 0.0000 0.0000 0.0000 0.0000 0.0000 0.0000 0.0000 0.0000 0.0000 0.0000 0.0000 0.0000
50 50
0.0000
1.0000 1.0000 1.0000 1.0000 1.0000 1.0000 1.0000 1.0000 1.0000 1.0000 1.0000 1.0000 1.0000 1.0000 1.0000 1.0000 1.0000 1.0000 1.0000 1.0000 1.0000 1.0000 1.0000 1.0000 1.0000 1.0000 1.0000 1.0000 1.0000 1.0000 1.0000 1.0000 1.0000 1.0000 1.0000 1.0000 1.0000 1.0000 1.0000 1.0000 1.0000 1.0000 1.0000 1.0000 1.0000 1.0000 1.0000 1.0000 1.0000 1.0000
49 49
22.6077
0.0019 0.0653 0.7559 0.3627 0.7274 0.3154 0.6996 0.9399 0.4999 0.8729 0.1339 0.3755 0.3332 0.8222 0.7359 0.6614 0.0039 0.8392 0.8683 0.4884 0.8617 0.1759 0.2779 0.0960 0.1225 0.3354 0.2552 0.0395 0.3264 0.7414 0.3686 0.1119 0.2974 0.0780 0.7204 0.9499 0.7971 0.2610 0.8415 0.5939 0.3789 0.5064 0.8753 0.6187 0.7681 0.5361 0.1185 0.1590 0.1927
1 1
0.3333
0.5000
47 47
18.4199
0.2413 0.5851 0.6785 0.9833 0.1183 0.6117 0.7317 0.1803 0.3033 0.3328 0.3387 0.3109 0.0740 0.0289 0.6798 0.2703 0.5590 0.8115 0.2264 0.8674 0.0916 0.9841 0.1124 0.1568 0.9326 0.6861 0.5799 0.7793 0.8246 0.2937 0.9742 0.1219 0.2039 0.3529 0.2951 0.3410 0.5540 0.5967 0.8820 0.1309 0.0145 0.1315 0.7351 0.1550 0.2055 0.8153 0.0921
47 47
17.5245
0.3723 0.2658 0.7919 0.1893 0.3992 0.7281 0.2403 0.3557 0.8482 0.3609 0.4809 0.9009 0.3577 0.0095 0.9571 0.6412 0.3345 0.5016 0.1833 0.6954 0.3733 0.1048 0.7298 0.5752 0.1908 0.8685 0.2783 0.7775 0.0180 0.3286 0.3715 0.4969 0.3812 0.1723 0.2060 0.3442 0.1982 0.7910 0.3628 0.3107 0.7598 0.3241 0.9070 0.4873 0.3960 0.5959 0.0360
47 47
18.6649
0.0145 0.4270 0.3363 0.9462 0.7304 0.8578 0.4343 0.7296 0.0044 0.6325 0.0331 0.7243 0.2924 0.1819 0.8494 0.9198 0.5961 0.7197 0.0559 0.7099 0.8129 0.9711 0.5495 0.6068 0.1538 0.6623 0.1487 0.9223 0.0729 0.7661 0.1459 0.2204 0.9414 0.0444 0.4755 0.0684 0.1015 0.7144 0.9639 0.4277 0.3919 0.1247 0.9282 0.6804 0.9602 0.9716 0.1473
50 50
0.0000
0.8700 0.8700 0.8700 0.8700 0.8700 0.8700 0.8700 0.8700 0.8700 0.8700 0.8700 0.8700 0.8700 0.8700 0.8700 0.8700 0.8700 0.8700 0.8700 0.8700 0.8700 0.8700 0.8700 0.8700 0.8700 0.8700 0.8700 0.8700 0.8700 0.8700 0.8700 0.8700 0.8700 0.8700 0.8700 0.8700 0.8700 0.8700 0.8700 0.8700 0.8700 0.8700 0.8700 0.8700 0.8700 0.8700 0.8700 0.8700 0.8700 0.8700
46 46
17.8188
0.9478 0.5380 0.0288 0.4535 0.3476 0.6074 0.5350 0.7935 0.7914 0.0846 0.1139 0.4749 0.1206 0.0557 0.4975 0.1854 0.1566 0.0453 0.7163 0.5670 0.4069 0.5648 0.4745 0.9419 0.0905 0.0423 0.8645 0.7312 0.2500 0.4366 0.9050 0.9231 0.0823 0.2060 0.6223 0.5666 0.1222 0.7847 0.0440 0.9896 0.6507 0.8891 0.5955 0.3997 0.3032 0.0343
48 48
20.3735
0.4584 0.4154 0.1724 0.5786 0.6762 0.2139 0.2122 0.0209 0.8973 0.8341 0.6793 0.5944 0.0269 0.7688 0.3264 0.3239 0.3450 0.2585 0.4627 0.6722 0.5239 0.8857 0.2904 0.2552 0.3319 0.1250 0.6413 0.5401 0.0480 0.4147 0.4334 0.0944 0.3791 0.8075 0.2649 0.6558 0.0277 0.6346 0.6950 0.3521 0.7945 0.0560 0.8745 0.3496 0.2966 0.5388 0.3032 0.5362
45 45
19.1745
0.9257 0.8136 0.3144 0.1486 0.1510 0.2173 0.6969 0.8576 0.7731 0.2931 0.2236 0.4074 0.7448 0.0632 0.8393 0.5395 0.7536 0.9841 0.9175 0.6524 0.8725 0.4415 0.3935 0.4971 0.0934 0.2600 0.2798 0.7984 0.0151 0.5972 0.1665 0.1019 0.2804 0.9136 0.1656 0.2037 0.2085 0.1538 0.7286 0.6349 0.1196 0.6781 0.4311 0.2241 0.1065
49 49
16.5437
0.7808 0.3343 0.2386 0.1435 0.6323 0.8801 0.6136 0.7201 0.9729 0.6582 0.3030 0.3715 0.0951 0.4566 0.9234 0.6680 0.4446 0.8943 0.9595 0.8190 0.7100 0.8802 0.3955 0.6660 0.8618 0.3272 0.9354 0.0763 0.9765 0.2849 0.3433 0.2121 0.4714 0.3822 0.9477 0.4107 0.4920 0.3153 0.2969 0.5719 0.6245 0.1123 0.1485 0.1854 0.8086 0.0929 0.6565 0.9237 0.6034
47 47
17.6758
0.9789 0.7374 0.6362 0.7718 0.1413 0.9302 0.0300 0.0743 0.8732 0.8905 0.9963 0.5994 0.8175 0.0156 0.2018 0.7002 0.8673 0.1613 0.5643 0.1808 0.1635 0.7301 0.1822 0.9163 0.8832 0.0366 0.5451 0.1979 0.5176 0.9592 0.9328 0.7680 0.6779 0.3377 0.4152 0.5266 0.6455 0.9631 0.6372 0.7191 0.3747 0.2375 0.6873 0.7466 0.4015 0.3554 0.1581
49 49
25.0412
0.4103 0.5510 0.6316 0.0202 0.9431 0.6072 0.3792 0.8361 0.8459 0.6620 0.9416 0.4446 0.0983 0.0460 0.3822 0.0408 0.9363 0.2710 0.5576 0.2473 0.1958 0.0927 0.0455 0.0153 0.1478 0.2394 0.7733 0.0690 0.2835 0.3106 0.3883 0.2988 0.1142 0.9986 0.8376 0.4725 0.6566 0.8563 0.4066 0.0472 0.4015 0.8170 0.7255 0.2097 0.1272 0.0706 0.2354 0.6591 0.2399
47 47
17.8759
0.9520 0.0399 0.4549 0.1621 0.2611 0.4001 0.5811 0.0382 0.9280 0.0147 0.9920 0.7620 0.4153 0.7562 0.6890 0.7099 0.5285 0.0085 0.3777 0.6572 0.6573 0.9872 0.3322 0.2264 0.2964 0.0133 0.1487 0.3378 0.7432 0.9915 0.8235 0.8290 0.3543 0.2442 0.1881 0.3930 0.0182 0.1710 0.9631 0.5334 0.8673 0.8054 0.1484 0.4051 0.5199 0.4186 0.3821
1 1
1.0000
0.0000
50 50
26.7423
0.1229 0.0243 0.8324 0.0670 0.3310 0.7769 0.3456 0.0417 0.9729 0.4330 0.3939 0.9130 0.1388 0.6085 0.2311 0.8741 0.6539 0.0273 0.3044 0.1189 0.9147 0.7757 0.9091 0.8366 0.1420 0.2245 0.7803 0.0339 0.3242 0.0288 0.3825 0.3586 0.9548 0.1013 0.1470 0.8094 0.9887 0.2585 0.5630 0.1368 0.6212 0.8155 0.9845 0.1732 0.0582 0.2090 0.1132 0.4209 0.2306 0.7871
47 47
16.9276
0.2435 0.1591 0.4314 0.4448 0.7141 0.8664 0.5005 0.2373 0.5965 0.7275 0.7388 0.6267 0.3852 0.3756 0.9814 0.1215 0.4921 0.5088 0.1617 0.2475 0.0632 0.2583 0.0878 0.8980 0.7471 0.2378 0.1528 0.2394 0.8739 0.8003 0.9986 0.6434 0.1777 0.1495 0.2209 0.5069 0.6094 0.7366 0.0293 0.4769 0.4437 0.3448 0.5491 0.8163 0.9353 0.1006 0.1041
45 45
16.9992
0.3397 0.0113 0.3107 0.7313 0.6797 0.9795 0.2476 0.1573 0.1890 0.7603 0.2382 0.8946 0.2482 0.8287 0.1361 0.6098 0.1368 0.4839 0.7269 0.3406 0.8332 0.4091 0.0282 0.1668 0.2758 0.0396 0.6401 0.0691 0.3073 0.5870 0.0531 0.5334 0.3117 0.3162 0.2019 0.9819 0.7127 0.9027 0.3241 0.0099 0.2367 0.9773 0.7754 0.9252 0.7290
1 1
0.0000
1.0000
45 45
3.5904
0.3448 0.9111 0.4581 0.2414 0.1847 0.3892 0.5679 0.4568 0.4654 0.2692 0.4465 0.8465 0.5776 0.9563 0.1036 0.7248 0.4520 0.7715 0.3308 0.1824 0.3252 0.4972 0.6942 0.3880 0.3085 0.3655 0.4820 0.3028 0.5221 0.4031 0.7976 0.3233 0.2361 0.7398 0.1720 0.1018 0.8075 0.6697 0.4244 0.8945 0.3324 0.1272 0.8268 0.7122 0.5127
50 50
33.3350
0.3333 0.3333 0.3333 0.3333 0.3333 0.3333 0.3333 0.3333 0.3333 0.3333 0.3333 0.3333 0.3333 0.3333 0.3333 0.3333 0.3333 0.3333 0.3333 0.3333 0.3333 0.3333 0.3333 0.3333 0.3333 0.3333 0.3333 0.3333 0.3333 0.3333 0.3333 0.3333 0.3333 0.3333 0.3333 0.3333 0.3333 0.3333 0.3333 0.3333 0.3333 0.3333 0.3333 0.3333 0.3333 0.3333 0.3333 0.3333 0.3333 0.3333
46 46
21.5716
0.4663 0.4919 0.8579 0.9239 0.1455 0.9749 0.3723 0.8851 0.5807 0.0045 0.6784 0.8734 0.5024 0.3652 0.0524 0.7127 0.3447 0.8752 0.5893 0.6193 0.0995 0.4724 0.3554 0.0934 0.7220 0.1840 0.6705 0.2971 0.1950 0.7314 0.2720 0.2994 0.9734 0.1120 0.4885 0.1032 0.5763 0.3129 0.0239 0.0714 0.6545 0.9583 0.0012 0.8171 0.4861 0.9704
50 50
25.5384
0.5405 0.1159 0.0782 0.9592 0.2325 0.1513 0.3830 0.6773 0.9386 0.0533 0.0095 0.6378 0.9575 0.2512 0.9525 0.9844 0.8810 0.9109 0.8071 0.5825 0.1037 0.7567 0.4399 0.1313 0.0450 0.1431 0.3764 0.3678 0.9317 0.7260 0.3012 0.1381 0.5761 0.5885 0.6350 0.8872 0.7373 0.2306 0.0355 0.2280 0.3111 0.0610 0.6388 0.1157 0.7547 0.2707 0.4946 0.7910 0.2756 0.1587
50 50
17.9168
0.4309 0.7709 0.3063 0.9303 0.8899 0.4957 0.8426 0.9358 0.5280 0.2408 0.3666 0.0593 0.8196 0.3619 0.7027 0.8614 0.9625 0.5693 0.0822 0.4820 0.2275 0.5721 0.1488 0.8568 0.4580 0.6106 0.0831 0.4546 0.6624 0.7968 0.7863 0.8072 0.6085 0.7129 0.5943 0.4204 0.0660 0.8508 0.6432 0.2555 0.7393 0.7961 0.7188 0.3763 0.4760 0.7772 0.0166 0.7721 0.4057 0.8690
47 47
17.0960
0.6037 0.2877 0.9168 0.8706 0.6254 0.0475 0.5542 0.0075 0.5996 0.8130 0.2878 0.7067 0.0588 0.2183 0.5613 0.3480 0.4166 0.1116 0.2383 0.6028 0.2578 0.4284 0.3725 0.1402 0.7253 0.8656 0.6851 0.4590 0.6261 0.9874 0.0117 0.0921 0.5786 0.0108 0.9339 0.1227 0.4957 0.9566 0.3303 0.5366 0.4928 0.6028 0.4628 0.0100 0.7726 0.8349 0.8672
49 49
16.6072
0.2128 0.8416 0.6249 0.6686 0.2371 0.9527 0.5988 0.4606 0.2627 0.7270 0.6591 0.0422 0.2949 0.0197 0.3533 0.5909 0.5029 0.9648 0.0896 0.7705 0.1197 0.2508 0.0430 0.3502 0.7536 0.3753 0.7139 0.8764 0.7561 0.9745 0.3455 0.8338 0.1117 0.0557 0.5123 0.4227 0.2235 0.7230 0.7598 0.2142 0.2316 0.7004 0.9705 0.8633 0.3262 0.8641 0.0018 0.4901 0.7105
50 50
50.0000
0.0000 0.0000 0.0000 0.0000 0.0000 0.0000 0.0000 0.0000 0.0000 0.0000 0.0000 0.0000 0.0000 0.0000 0.0000 0.0000 0.0000 0.0000 0.0000 0.0000 0.0000 0.0000 0.0000 0.0000 0.0000 0.0000 0.0000 0.0000 0.0000 0.0000 0.0000 0.0000 0.0000 0.0000 0.0000 0.0000 0.0000 0.0000 0.0000 0.0000 0.0000 0.0000 0.0000 0.0000 0.0000 0.0000 0.0000 0.0000 0.0000 0.0000
47 47
17.1191
0.7953 0.3413 0.5138 0.1892 0.2074 0.3966 0.0523 0.9609 0.7193 0.1313 0.7840 0.0520 0.5616 0.2784 0.1703 0.3943 0.9354 0.4366 0.2889 0.8212 0.0921 0.1222 0.2634 0.1659 0.0210 0.7980 0.6238 0.4809 0.6827 0.4327 0.6855 0.2589 0.4445 0.9081 0.1881 0.7796 0.5148 0.3107 0.2471 0.6854 0.9056 0.7225 0.7187 0.8898 0.7508 0.2187 0.0469
46 46
20.7369
0.2022 0.7231 0.2102 0.1592 0.1980 0.5110 0.5833 0.1358 0.1271 0.1264 0.1821 0.0104 0.5143 0.5341 0.5250 0.3636 0.9275 0.2932 0.9682 0.5209 0.9626 0.5172 0.9442 0.2822 0.3966 0.2631 0.5107 0.1488 0.9449 0.2631 0.3924 0.3278 0.7068 0.8323 0.3309 0.4024 0.6694 0.7057 0.5980 0.0191 0.9192 0.8388 0.2901 0.6883 0.2024 0.5677
48 48
17.7720
0.3060 0.5079 0.3062 0.6105 0.2170 0.6106 0.4226 0.0533 0.4164 0.2916 0.1190 0.7483 0.7333 0.4974 0.8799 0.4006 0.6356 0.8106 0.9930 0.6314 0.3385 0.8568 0.8778 0.9361 0.4179 0.1131 0.7523 0.5995 0.5284 0.2162 0.0058 0.5396 0.5473 0.6626 0.7961 0.8012 0.8713 0.7428 0.5817 0.7897 0.2725 0.0918 0.5395 0.6213 0.8032 0.5697 0.1665 0.9071
50 50
18.1217
0.5394 0.2410 0.5928 0.6331 0.2482 0.5195 0.6255 0.8173 0.4336 0.2965 0.9285 0.3686 0.6425 0.4339 0.9091 0.1136 0.6240 0.0686 0.2245 0.2859 0.2432 0.4711 0.7718 0.8287 0.3363 0.4686 0.3494 0.5631 0.0399 0.3794 0.8369 0.5519 0.5773 0.7625 0.0667 0.4952 0.9714 0.4520 0.3603 0.8559 0.8016 0.9067 0.0398 0.5918 0.7112 0.0036 0.9754 0.0082 0.9684 0.7018
46 46
19.9703
0.1186 0.5169 0.0429 0.0363 0.4839 0.7760 0.9535 0.6479 0.4132 0.4543 0.6759 0.3576 0.7455 0.2628 0.8336 0.5412 0.5921 0.7082 0.3567 0.4780 0.2582 0.4841 0.1445 0.1119 0.2697 0.4547 0.0833 0.1554 0.0097 0.1600 0.9279 0.0764 0.3077 0.0696 0.0556 0.8233 0.0721 0.1911 0.0967 0.9758 0.2887 0.7542 0.5784 0.8139 0.0490 0.1026
46 46
21.1861
0.7880 0.8078 0.2270 0.7262 0.4920 0.6097 0.2099 0.0505 0.2719 0.2131 0.3444 0.2648 0.3439 0.6259 0.1732 0.3932 0.0191 0.5602 0.1544 0.3616 0.6610 0.0349 0.3066 0.6244 0.9101 0.1498 0.3064 0.6935 0.6831 0.2261 0.4663 0.5744 0.2313 0.2599 0.9016 0.8568 0.8059 0.9810 0.4824 0.6623 0.9996 0.1039 0.6766 0.6816 0.0150 0.9523
50 50
0.0049
0.9999 0.9999 0.9999 0.9999 0.9999 0.9999 0.9999 0.9999 0.9999 0.9999 0.9999 0.9999 0.9999 0.9999 0.9999 0.9999 0.9999 0.9999 0.9999 0.9999 0.9999 0.9999 0.9999 0.9999 0.9999 0.9999 0.9999 0.9999 0.9999 0.9999 0.9999 0.9999 0.9999 0.9999 0.9999 0.9999 0.9999 0.9999 0.9999 0.9999 0.9999 0.9999 0.9999 0.9999 0.9999 0.9999 0.9999 0.9999 0.9999 0.9999
48 48
20.4313
0.9022 0.6087 0.9356 0.5805 0.4614 0.6240 0.3475 0.8706 0.9114 0.1203 0.7798 0.9474 0.8976 0.0925 0.6030 0.2220 0.5503 0.9914 0.0237 0.5480 0.8782 0.0156 0.3380 0.1927 0.0236 0.7144 0.5811 0.5330 0.4132 0.3352 0.2229 0.6817 0.6529 0.8550 0.8328 0.3810 0.2113 0.5696 0.0600 0.2829 0.4771 0.0072 0.3630 0.2472 0.1303 0.4007 0.7266 0.4671
47 47
19.4483
0.2005 0.0167 0.3897 0.8038 0.3494 0.5948 0.9560 0.1614 0.2058 0.2444 0.9814 0.3307 0.6428 0.1027 0.2164 0.1123 0.6149 0.1665 0.0492 0.9522 0.0491 0.2245 0.8645 0.1620 0.7445 0.6838 0.1020 0.1197 0.4793 0.1007 0.0198 0.3688 0.9566 0.0367 0.8878 0.0618 0.7857 0.4378 0.2910 0.7966 0.8987 0.9062 0.2009 0.5093 0.0784 0.5690 0.9749
4 4
0.0001
0.0000 0.0000 0.0000 0.0000
50 50
1.0000
0.3333 0.3333 0.3333 0.3333 0.3333 0.3333 0.3333 0.3333 0.3333 0.3333 0.3333 0.3333 0.3333 0.3333 0.3333 0.3333 0.3333 0.3333 0.3333 0.3333 0.3333 0.3333 0.3333 0.3333 0.3333 0.3333 0.3333 0.3333 0.3333 0.3333 0.3333 0.3333 0.3333 0.3333 0.3333 0.3333 0.3333 0.3333 0.3333 0.3333 0.3333 0.3333 0.3333 0.3333 0.3333 0.3333 0.3333 0.3333 0.3333 0.3333
49 49
19.3851
0.8246 0.0393 0.2772 0.5224 0.8876 0.6399 0.3114 0.8894 0.1111 0.2292 0.1383 0.8670 0.3856 0.0234 0.5195 0.6828 0.4003 0.5444 0.2888 0.8783 0.6094 0.2105 0.5292 0.5865 0.1002 0.1770 0.6120 0.8368 0.2423 0.3712 0.4979 0.3353 0.8858 0.9227 0.4528 0.7135 0.9259 0.3575 0.9887 0.9571 0.8617 0.4224 0.0130 0.4365 0.0382 0.2960 0.2910 0.1034 0.4682
45 45
23.5454
0.1029 0.2449 0.5062 0.9819 0.4298 0.0375 0.4783 0.1543 0.7863 0.3837 0.6507 0.5114 0.4018 0.5669 0.1493 0.5437 0.1327 0.0766 0.3647 0.5255 0.2504 0.1663 0.4694 0.9624 0.7078 0.9893 0.7238 0.6692 0.4315 0.5062 0.4636 0.2938 0.1548 0.0435 0.1961 0.1622 0.6116 0.4805 0.6388 0.4889 0.6287 0.9468 0.0573 0.0499 0.8403
48 48
17.9395
0.4439 0.5750 0.1306 0.2554 0.1284 0.6528 0.9015 0.6729 0.7008 0.7531 0.6987 0.2061 0.3526 0.4455 0.9283 0.3061 0.3463 0.2915 0.0636 0.3666 0.5356 0.0394 0.9940 0.7872 0.7641 0.3228 0.5004 0.9898 0.5277 0.6190 0.7213 0.2159 0.4129 0.5244 0.6198 0.1747 0.2012 0.8718 0.2159 0.8359 0.2127 0.2877 0.7399 0.1678 0.2448 0.3177 0.1969 0.3599
50 50
0.6901
0.1842 0.7742 0.5154 0.7744 0.3303 0.2108 0.8871 0.9438 0.3483 0.1090 0.6598 0.0539 0.6915 0.7417 0.0863 0.2187 0.3337 0.2683 0.5160 0.7255 0.8928 0.5983 0.0507 0.7951 0.2443 0.8265 0.2215 0.6759 0.6986 0.3158 0.2791 0.9641 0.7205 0.1224 0.1546 0.8764 0.5109 0.0770 0.1761 0.0932 0.8733 0.7287 0.3724 0.2665 0.9318 0.0857 0.3512 0.9926 0.8091 0.6196
45 45
15.8272
0.8342 0.0007 0.3903 0.9318 0.8854 0.7525 0.4548 0.2831 0.8246 0.8835 0.8658 0.0690 0.0817 0.3968 0.6866 0.2869 0.1940 0.9308 0.7701 0.1099 0.9897 0.4372 0.3344 0.4090 0.1204 0.0733 0.3012 0.2093 0.9187 0.8448 0.5301 0.3439 0.6616 0.7449 0.7252 0.5234 0.3712 0.1333 0.9291 0.6117 0.3989 0.8810 0.0083 0.0949 0.5070
47 47
19.2767
0.6847 0.5954 0.7328 0.1556 0.1941 0.7068 0.4408 0.7151 0.6715 0.0474 0.4471 0.2578 0.1652 0.9380 0.9326 0.0098 0.8633 0.8803 0.5400 0.2739 0.9432 0.5929 0.1677 0.5503 0.5490 0.6955 0.4303 0.2460 0.6956 0.2110 0.6886 0.0918 0.7287 0.7418 0.3115 0.6650 0.0110 0.8742 0.7679 0.5696 0.7860 0.0992 0.6225 0.1981 0.6941 0.8395 0.6371
50 50
17.5331
0.9069 0.6206 0.9152 0.6525 0.1494 0.6249 0.1011 0.9725 0.6823 0.9086 0.2178 0.3960 0.2091 0.4546 0.3085 0.8857 0.1533 0.1631 0.8395 0.7170 0.0757 0.4971 0.3365 0.0484 0.4051 0.6086 0.2236 0.4566 0.0711 0.6946 0.4592 0.3795 0.6691 0.0625 0.1621 0.6162 0.4726 0.7883 0.5977 0.8741 0.9343 0.3096 0.1946 0.4780 0.5729 0.3235 0.5214 0.7886 0.4523 0.7874
46 46
17.8191
0.5568 0.2680 0.1265 0.4198 0.0731 0.9341 0.1200 0.4019 0.8981 0.7846 0.6226 0.9662 0.3141 0.3878 0.4362 0.8302 0.3085 0.2284 0.7474 0.8817 0.2712 0.7589 0.0184 0.0398 0.8102 0.9415 0.7038 0.9433 0.4864 0.5296 0.7802 0.3187 0.7579 0.0270 0.3110 0.5920 0.5406 0.2957 0.9906 0.5627 0.8863 0.2944 0.2239 0.9754 0.5294 0.5000
