100
6 4 5 1
7 7 8 8
2 2 2 2
3 7 5 5
1 4 3 4
1 6 4 4
3 3 3 3
2 4 2 4
1 8 3 3
1 7 5 7
5 8 6 6
4 7 6 6
5 7 6 6
1 5 3 2
7 7 7 7
1 8 7 7
4 8 6 5
4 7 5 5
3 5 4 4
1 8 4 5
1 7 6 7
1 6 5 5
1 5 2 1
3 4 4 4
2 8 8 2
2 8 4 2
2 6 4 3
6 6 6 6
1 8 3 5
3 4 3 4
3 8 4 8
6 7 6 5
3 8 6 7
2 6 5 6
4 4 4 4
3 8 6 5
2 4 3 3
6 7 7 8
1 1 1 1
1 7 4 4
3 8 7 7
4 8 5 4
1 7 2 2
3 8 4 3
4 7 6 7
5 8 7 7
2 4 4 3
2 8 5 4
4 8 7 8
3 8 5 4
1 8 4 2
1 8 4 6
5 5 5 5
1 2 2 1
2 7 5 7
3 7 6 6
1 8 3 4
3 6 4 3
1 8 3 8
2 8 3 2
2 6 4 5
6 7 5 6
8 7 7 7
1 7 5 4
1 8 3 7
3 4 3 3
1 8 4 7
4 8 6 7
1 8 5 6
6 7 7 7
8 8 8 8
3 7 6 7
4 6 5 5
1 6 2 1
3 6 5 6
6 8 7 7
6 7 8 7
1 7 3 3
2 8 3 3
1 8 3 6
2 8 5 3
1 8 2 2
1 8 3 1
1 8 4 3
3 8 5 6
1 3 2 2
1 8 3 2
1 5 4 4
1 8 4 8
1 2 1 2
1 8 4 4
1 8 4 1
3 8 7 4
2 8 6 7
2 8 5 5
1 3 3 3
2 8 4 4
2 8 4 5
1 6 2 2
1 2 1 1
