100
132
1000
7
111111111111111110
512224667777888998
331647922682774520
67
124444111244679
714626464869576599
54999999999999999
694463104159756484
995128355943448280
1111111111111100
1000000000000000000
334445557777899966
1133357676
645787852698062874
955213752286418928
46
611123334556778889
112222344445556661
839818588374744845
628020001051911610
3299999999999999
422717390194170778
212334577778888
112445555560023466
111111110123568
1222306561812575
307
4399999999
23522355677788999
3465678999
147457811052015770
610734447352052027
1113456667777889
72234444557888887
958154851184730602
787492644904690703
41222234456678900
343655499778096218
111222344556665556
6379356663
12220011112466779
549999999999999999
11122222235577769
360196686325512439
3111345667
311333444567799
3407751068163147
147
896441848573113781
511122333346678000
1112334456889000
1123334409
111345555557772
573814643667531931
611122456678999
1112244550
238
7026306636669847
22113923767326346
265496662149730739
111111111111111055
1133567766667789
851343470518419307
109
120482124718239618
21145733112943677
1256778889949444
11111333333344553
611334666789000
909880602579746883
245666789999988
11111112222222143
222331112356778
125433004991506677
6
999999999999999999
775365164454314529
3345554556
5334667790
224
24
5866777899
552
197206816040712987
76
8123345566778898
102336553379443074
1
329999999999999
565707039610625708
11114445667778899
20
1223333344444554
7111177778
566308344966737318
610534354275505884
230002335666899
