100
4 2
5 2
6 2
1000 1000
1000 1
1000000000000000000 128
999999999999999999 423539247696576511
1000000000000000000 499999999999999998
500000000000000000 127
500000000000000000 144115188075855871
1000000000000000000 999999999999999999
821634060454987086 746535919853396536
1000000000000000000 288230376151711744
299999478591096357 233075433214037696
1000000000000000000 500000000000000000
776601058083157364 666526687410198212
1000000000000000000 414876086501041151
727341522392280109 614027646147860053
1000000000000000000 495019752631445068
2 1
257764903661561970 210229670663798560
999999999999999999 499999999999999997
500000000000000000 287709378432939939
1000000000000000000 499999999999999999
1000000000000000000 423539247696576512
500000000000000000 250000000000000000
500000000000000000 2
500000000000000000 211769623848288257
999999999999999999 999999999999999998
500000000000000000 288230376151711744
440194709994246573 437944655463924594
1000000000000000000 1
964031347703477340 820176354469387186
4 1
999999999999999999 423539247696576512
999999999999999999 127
815074228692754983 695006223637297402
701979547371235059 662282466515026333
892416960008529380 827369904563801125
2 2
891085676585359820 780170318185333010
999999999999999999 282579678560676091
476062990951751513 466075391617575099
1000000000000000000 2
999999999999999999 391168605724855265
784608752325205438 676436805508775796
500000000000000000 249999999999999999
500000000000000000 288230376151711743
999999999999999999 999999999999999999
872102826110015608 863716608816932001
872008847323774597 862932700097406118
500000000000000000 144115188075855872
500000000000000000 499999999999999999
500000000000000000 177141425744795972
863566234044553712 820218103216286077
265910703523232312 255707008536413936
999999999999999999 288230376151711744
999999999999999999 576460752303423488
408018322656332068 341652138237844044
1000000000000000000 288230376151711743
270709372746290298 251804250519889905
774669923965443569 592458504739292647
500000000000000000 1
805154718155138630 775681671079005309
999999999999999999 499999999999999999
999999999999999999 499999999999999998
1000000000000000000 127
999999999999999999 1
783356504680635661 656421043429136251
500000000000000000 249999999999999998
3 1
490953467253969475 479841069025819208
714638398500308237 676968653840096178
999999999999999999 288230376151711743
1000000000000000000 286325107818308760
1000000000000000000 576460752303423487
500000000000000000 211769623848288256
1000000000000000000 423539247696576513
838786322977292148 781802591525490511
1000000000000000000 1000000000000000000
880847450234016091 774860833475231417
999999999999999999 2
999999999999999999 511675267028020115
999999999999999999 128
672535655779037826 510604286517132974
777664989184409920 766948713556608287
1000000000000000000 576460752303423488
312166319160288318 277726897050624780
500000000000000000 142421555000803649
431118777549969709 401537745524679574
999999999999999999 576460752303423487
1 1
500000000000000000 128
256248760598662356 220663696006054722
410652390019751313 343443002555890459
353630126518432353 322182051543345118
500000000000000000 500000000000000000
895881267513087291 752871433744772957
3 2
5 1
