100
4 2
5 2
6 2
1000 1000
1000 1
772 642
703 660
500 100
500 244
2 1
357 296
500 245
999 256
1000 498
918 713
999 512
993 885
1000 255
999 998
999 471
999 487
254 224
1000 127
1 1
1000 2
500 499
500 128
1000 499
1000 256
4 1
500 127
999 499
1000 512
781 763
951 922
923 769
500 500
999 497
999 491
691 667
500 256
500 2
5 1
325 283
999 999
386 371
999 2
313 298
625 526
730 719
999 127
327 296
1000 488
1000 128
999 498
1000 500
999 488
668 540
802 761
500 117
562 527
811 692
890 736
453 359
1000 489
742 661
462 432
557 442
802 607
500 116
857 824
2 2
999 128
924 776
500 1
579 557
723 673
680 553
1000 999
999 511
1000 511
500 250
500 220
500 249
1000 341
299 274
749 613
725 596
3 2
500 248
788 654
3 1
363 350
549 459
705 634
500 255
999 1
1000 501
999 255
878 856
